key=10000
values=[9891.0, 10332.0, 10088.0]
avg_val=10103.666666666666

key=100000
values=[1182.0, 986.0, 870.0]
avg_val=1012.6666666666666

key=1000000
values=[85.0, 82.0, 83.0]
avg_val=83.33333333333333

key=5000000
values=[12.0, 12.0, 12.0]
avg_val=12.0

