key=10000
values=[1485800.0, 1548710.0, 1505771.0]
avg_val=1513427.0

key=100000
values=[178612.0, 148607.0, 130022.0]
avg_val=152413.66666666666

key=1000000
values=[13269.0, 12482.0, 12389.0]
avg_val=12713.333333333334

key=5000000
values=[2025.0, 1950.0, 1913.0]
avg_val=1962.6666666666667

