key=10000
values=[5769803.0, 6206263.0, 6221334.0]
avg_val=6065800.0

key=100000
values=[280227.0, 302014.0, 329956.0]
avg_val=304065.6666666667

key=1000000
values=[10845.0, 12798.0, 12184.0]
avg_val=11942.333333333334

key=5000000
values=[1526.0, 1765.0, 1461.0]
avg_val=1584.0

