key=10000
values=[58324.0, 62690.0, 62846.0]
avg_val=61286.666666666664

key=100000
values=[2850.0, 3045.0, 3321.0]
avg_val=3072.0

key=1000000
values=[114.0, 131.0, 120.0]
avg_val=121.66666666666667

key=5000000
values=[16.0, 16.0, 15.0]
avg_val=15.666666666666666

