key=10000
values=[5828128.0, 6268953.0, 6284181.0]
avg_val=6127087.333333333

key=100000
values=[283077.0, 305060.0, 333278.0]
avg_val=307138.3333333333

key=1000000
values=[10959.0, 12929.0, 12304.0]
avg_val=12064.0

key=5000000
values=[1542.0, 1781.0, 1476.0]
avg_val=1599.6666666666667

