key=10000
values=[4152202.0, 4235267.0, 3952885.0]
avg_val=4113451.3333333335

key=100000
values=[246419.0, 235446.0, 383122.0]
avg_val=288329.0

key=1000000
values=[8127.0, 8882.0, 9728.0]
avg_val=8912.333333333334

key=5000000
values=[1396.0, 1193.0, 1163.0]
avg_val=1250.6666666666667

