key=10000
values=[41861.0, 42761.0, 39933.0]
avg_val=41518.333333333336

key=100000
values=[2470.0, 2390.0, 3868.0]
avg_val=2909.3333333333335

key=1000000
values=[86.0, 92.0, 95.0]
avg_val=91.0

key=5000000
values=[13.0, 13.0, 12.0]
avg_val=12.666666666666666

