key=10000
values=[4194064.0, 4278028.0, 3992819.0]
avg_val=4154970.3333333335

key=100000
values=[248890.0, 237836.0, 386990.0]
avg_val=291238.6666666667

key=1000000
values=[8214.0, 8975.0, 9823.0]
avg_val=9004.0

key=5000000
values=[1410.0, 1206.0, 1176.0]
avg_val=1264.0

