key=10000
values=[1999343.0, 1965533.0, 1990047.0]
avg_val=1984974.3333333333

key=100000
values=[1288603.0, 1323142.0, 1286869.0]
avg_val=1299538.0

key=1000000
values=[472494.0, 480816.0, 499942.0]
avg_val=484417.3333333333

key=5000000
values=[317589.0, 306248.0, 319420.0]
avg_val=314419.0

