key=10000
values=[4756152.0, 4836168.0, 4697405.0]
avg_val=4763241.666666667

key=100000
values=[2999359.0, 2951384.0, 2912921.0]
avg_val=2954554.6666666665

key=1000000
values=[936480.0, 962840.0, 911724.0]
avg_val=937014.6666666666

key=5000000
values=[415666.0, 392059.0, 474491.0]
avg_val=427405.3333333333

