key=10000
values=[33190134.0, 28848903.0, 30846605.0]
avg_val=30961880.666666668

key=100000
values=[31936054.0, 32822960.0, 23480471.0]
avg_val=29413161.666666668

key=1000000
values=[29440451.0, 30806021.0, 30032489.0]
avg_val=30092987.0

