key=10000
values=[1136007.0, 1146761.0, 1141970.0]
avg_val=1141579.3333333333

key=100000
values=[173903.0, 138008.0, 153239.0]
avg_val=155050.0

key=1000000
values=[5010.0, 4496.0, 5326.0]
avg_val=4944.0

key=5000000
values=[882.0, 957.0, 860.0]
avg_val=899.6666666666666

