key=10000
values=[11449.0, 11617.0, 11489.0]
avg_val=11518.333333333334

key=100000
values=[1772.0, 1393.0, 1544.0]
avg_val=1569.6666666666667

key=1000000
values=[50.0, 43.0, 54.0]
avg_val=49.0

key=5000000
values=[8.0, 8.0, 9.0]
avg_val=8.333333333333334

