key=10000
values=[2868846.0, 2895760.0, 2883747.0]
avg_val=2882784.3333333335

key=100000
values=[439028.0, 348674.0, 386973.0]
avg_val=391558.3333333333

key=1000000
values=[12613.0, 11362.0, 13459.0]
avg_val=12478.0

key=5000000
values=[2229.0, 2396.0, 2177.0]
avg_val=2267.3333333333335

