key=10000
values=[1721390.0, 1737381.0, 1730288.0]
avg_val=1729686.3333333333

key=100000
values=[263353.0, 209272.0, 232190.0]
avg_val=234938.33333333334

key=1000000
values=[7552.0, 6822.0, 8078.0]
avg_val=7484.0

key=5000000
values=[1338.0, 1430.0, 1308.0]
avg_val=1358.6666666666667

