key=10000
values=[1124297.0, 1054180.0, 1162597.0]
avg_val=1113691.3333333333

key=100000
values=[156774.0, 142971.0, 154155.0]
avg_val=151300.0

key=1000000
values=[7756.0, 7576.0, 7312.0]
avg_val=7548.0

key=5000000
values=[1220.0, 1009.0, 1108.0]
avg_val=1112.3333333333333

