key=10000
values=[11394.0, 10604.0, 11759.0]
avg_val=11252.333333333334

key=100000
values=[1605.0, 1429.0, 1547.0]
avg_val=1527.0

key=1000000
values=[76.0, 78.0, 73.0]
avg_val=75.66666666666667

key=5000000
values=[11.0, 10.0, 11.0]
avg_val=10.666666666666666

