key=10000
values=[2839690.0, 2662163.0, 2935480.0]
avg_val=2812444.3333333335

key=100000
values=[396290.0, 360771.0, 389243.0]
avg_val=382101.3333333333

key=1000000
values=[19568.0, 19182.0, 18453.0]
avg_val=19067.666666666668

key=5000000
values=[3084.0, 2557.0, 2818.0]
avg_val=2819.6666666666665

