key=10000
values=[1703998.0, 1597379.0, 1761123.0]
avg_val=1687500.0

key=100000
values=[237911.0, 216369.0, 233540.0]
avg_val=229273.33333333334

key=1000000
values=[11735.0, 11528.0, 11066.0]
avg_val=11443.0

key=5000000
values=[1851.0, 1537.0, 1698.0]
avg_val=1695.3333333333333

