key=10000
values=[1407733.0, 1395000.0, 1382863.0]
avg_val=1395198.6666666667

key=100000
values=[907572.0, 1022652.0, 952805.0]
avg_val=961009.6666666666

key=1000000
values=[411979.0, 417299.0, 394566.0]
avg_val=407948.0

key=5000000
values=[212711.0, 244639.0, 237357.0]
avg_val=231569.0

