key=10000
values=[3519777.0, 3487689.0, 3457606.0]
avg_val=3488357.3333333335

key=100000
values=[2268753.0, 2556980.0, 2381105.0]
avg_val=2402279.3333333335

key=1000000
values=[1029746.0, 1042721.0, 986128.0]
avg_val=1019531.6666666666

key=5000000
values=[531712.0, 611428.0, 593431.0]
avg_val=578857.0

