key=10000
values=[1905025.0, 1855914.0, 1861608.0]
avg_val=1874182.3333333333

key=100000
values=[1523441.0, 1498490.0, 1501926.0]
avg_val=1507952.3333333333

key=1000000
values=[607899.0, 606804.0, 611954.0]
avg_val=608885.6666666666

key=5000000
values=[327858.0, 302261.0, 336676.0]
avg_val=322265.0

