key=10000
values=[3175505.0, 3094243.0, 3102120.0]
avg_val=3123956.0

key=100000
values=[2539391.0, 2497338.0, 2503062.0]
avg_val=2513263.6666666665

key=1000000
values=[1013408.0, 1011491.0, 1020178.0]
avg_val=1015025.6666666666

key=5000000
values=[546423.0, 503697.0, 561205.0]
avg_val=537108.3333333334

