key=10000
values=[1270479.0, 1238328.0, 1240512.0]
avg_val=1249773.0

key=100000
values=[1015950.0, 998848.0, 1001136.0]
avg_val=1005311.3333333334

key=1000000
values=[405509.0, 404686.0, 408223.0]
avg_val=406139.3333333333

key=5000000
values=[218565.0, 201436.0, 224529.0]
avg_val=214843.33333333334

