key=10000
values=[28141.0, 27851.0, 27771.0]
avg_val=27921.0

key=100000
values=[2969.0, 2395.0, 3396.0]
avg_val=2920.0

key=1000000
values=[77.0, 79.0, 89.0]
avg_val=81.66666666666667

key=5000000
values=[10.0, 11.0, 11.0]
avg_val=10.666666666666666

