key=10000
values=[2814292.0, 2787332.0, 2776201.0]
avg_val=2792608.3333333335

key=100000
values=[298894.0, 240253.0, 340422.0]
avg_val=293189.6666666667

key=1000000
values=[7818.0, 7914.0, 9236.0]
avg_val=8322.666666666666

key=5000000
values=[1095.0, 1016.0, 1117.0]
avg_val=1076.0

