key=10000
values=[1168856.0, 1185917.0, 1129928.0]
avg_val=1161567.0

key=100000
values=[202616.0, 246706.0, 203444.0]
avg_val=217588.66666666666

key=1000000
values=[8461.0, 8394.0, 8544.0]
avg_val=8466.333333333334

key=5000000
values=[1178.0, 930.0, 1395.0]
avg_val=1167.6666666666667

