key=10000
values=[2951585.0, 2994222.0, 2853442.0]
avg_val=2933083.0

key=100000
values=[511398.0, 622981.0, 514243.0]
avg_val=549540.6666666666

key=1000000
values=[21389.0, 21197.0, 21603.0]
avg_val=21396.333333333332

key=5000000
values=[2968.0, 2361.0, 3502.0]
avg_val=2943.6666666666665

