key=10000
values=[1594423.0, 1588046.0, 1583358.0]
avg_val=1588609.0

key=100000
values=[1378412.0, 1356155.0, 1333600.0]
avg_val=1356055.6666666667

key=1000000
values=[761737.0, 759438.0, 765280.0]
avg_val=762151.6666666666

key=5000000
values=[304117.0, 341191.0, 306421.0]
avg_val=317243.0

