key=10000
values=[2857748.0, 2889886.0, 2890750.0]
avg_val=2879461.3333333335

key=100000
values=[2017843.0, 1967537.0, 1960780.0]
avg_val=1982053.3333333333

key=1000000
values=[1079689.0, 955532.0, 993055.0]
avg_val=1009425.3333333334

key=8000000
values=[391791.0, 408794.0, 392937.0]
avg_val=397840.6666666667

