key=10000
values=[4286696.0, 4336057.0, 4334624.0]
avg_val=4319125.666666667

key=100000
values=[3026374.0, 2951212.0, 2941348.0]
avg_val=2972978.0

key=1000000
values=[1619880.0, 1433308.0, 1489955.0]
avg_val=1514381.0

key=8000000
values=[587439.0, 613331.0, 589539.0]
avg_val=596769.6666666666

