key=10000
values=[1830191.0, 1806800.0, 1872365.0]
avg_val=1836452.0

key=100000
values=[1381997.0, 1361730.0, 1328784.0]
avg_val=1357503.6666666667

key=1000000
values=[550009.0, 564370.0, 533211.0]
avg_val=549196.6666666666

key=5000000
values=[324722.0, 324881.0, 324666.0]
avg_val=324756.3333333333

