key=10000
values=[1220506.0, 1204153.0, 1248282.0]
avg_val=1224313.6666666667

key=100000
values=[921321.0, 907992.0, 886106.0]
avg_val=905139.6666666666

key=1000000
values=[366412.0, 376190.0, 355807.0]
avg_val=366136.3333333333

key=5000000
values=[216438.0, 216532.0, 216330.0]
avg_val=216433.33333333334

