key=10000
values=[1275740.0, 1254072.0, 1256940.0]
avg_val=1262250.6666666667

key=100000
values=[208648.0, 191525.0, 182521.0]
avg_val=194231.33333333334

key=1000000
values=[8965.0, 8292.0, 8420.0]
avg_val=8559.0

key=5000000
values=[1173.0, 1374.0, 1144.0]
avg_val=1230.3333333333333

