key=10000
values=[12899.0, 12692.0, 12667.0]
avg_val=12752.666666666666

key=100000
values=[2123.0, 1930.0, 1834.0]
avg_val=1962.3333333333333

key=1000000
values=[92.0, 84.0, 89.0]
avg_val=88.33333333333333

key=5000000
values=[12.0, 13.0, 12.0]
avg_val=12.333333333333334

