key=10000
values=[2147202.0, 2111101.0, 2115882.0]
avg_val=2124728.3333333335

key=100000
values=[351260.0, 322495.0, 307404.0]
avg_val=327053.0

key=1000000
values=[15086.0, 13968.0, 14188.0]
avg_val=14414.0

key=5000000
values=[1978.0, 2304.0, 1932.0]
avg_val=2071.3333333333335

