key=10000
values=[858562.0, 844336.0, 846274.0]
avg_val=849724.0

key=100000
values=[140488.0, 129040.0, 123048.0]
avg_val=130858.66666666667

key=1000000
values=[6029.0, 5590.0, 5678.0]
avg_val=5765.666666666667

key=5000000
values=[792.0, 917.0, 775.0]
avg_val=828.0

