key=10000
values=[25740444.0, 25831652.0, 32636500.0]
avg_val=28069532.0

key=100000
values=[27482114.0, 24271189.0, 26002450.0]
avg_val=25918584.333333332

key=1000000
values=[16112779.0, 19117979.0, 24231251.0]
avg_val=19820669.666666668

