key=10000
values=[8934908.0, 8942498.0, 8967595.0]
avg_val=8948333.666666666

key=100000
values=[5956608.0, 5986961.0, 5895517.0]
avg_val=5946362.0

key=1000000
values=[2303092.0, 2200441.0, 2345897.0]
avg_val=2283143.3333333335

key=8000000
values=[1173808.0, 1167485.0, 1041140.0]
avg_val=1127477.6666666667

