key=10000
values=[1624417.0, 1627449.0, 1641998.0]
avg_val=1631288.0

key=100000
values=[995275.0, 995211.0, 1029722.0]
avg_val=1006736.0

key=1000000
values=[499376.0, 489973.0, 466459.0]
avg_val=485269.3333333333

key=5000000
values=[300717.0, 320798.0, 341498.0]
avg_val=321004.3333333333

