key=10000
values=[1292431.0, 1268031.0, 1273133.0]
avg_val=1277865.0

key=100000
values=[1140668.0, 1156902.0, 1163961.0]
avg_val=1153843.6666666667

key=1000000
values=[555932.0, 586882.0, 556934.0]
avg_val=566582.6666666666

key=5000000
values=[235285.0, 234809.0, 236679.0]
avg_val=235591.0

