key=10000
values=[2154133.0, 2113419.0, 2122743.0]
avg_val=2130098.3333333335

key=100000
values=[1901327.0, 1927977.0, 1939701.0]
avg_val=1923001.6666666667

key=1000000
values=[926385.0, 978250.0, 928448.0]
avg_val=944361.0

key=5000000
values=[391986.0, 391373.0, 394315.0]
avg_val=392558.0

