key=10000
values=[861701.0, 845388.0, 849609.0]
avg_val=852232.6666666666

key=100000
values=[760658.0, 771074.0, 775740.0]
avg_val=769157.3333333334

key=1000000
values=[370452.0, 391368.0, 371514.0]
avg_val=377778.0

key=5000000
values=[156700.0, 156563.0, 157635.0]
avg_val=156966.0

