key=10000
values=[1522704.0, 1395285.0, 1596640.0]
avg_val=1504876.3333333333

key=100000
values=[258478.0, 248730.0, 316885.0]
avg_val=274697.6666666667

key=1000000
values=[9543.0, 9377.0, 9671.0]
avg_val=9530.333333333334

key=5000000
values=[1131.0, 1127.0, 1213.0]
avg_val=1157.0

