key=10000
values=[15374.0, 14101.0, 16104.0]
avg_val=15193.0

key=100000
values=[2617.0, 2532.0, 3198.0]
avg_val=2782.3333333333335

key=1000000
values=[96.0, 91.0, 94.0]
avg_val=93.66666666666667

key=5000000
values=[12.0, 11.0, 12.0]
avg_val=11.666666666666666

