key=10000
values=[2563693.0, 2349285.0, 2687963.0]
avg_val=2533647.0

key=100000
values=[435249.0, 418802.0, 533564.0]
avg_val=462538.3333333333

key=1000000
values=[16062.0, 15791.0, 16309.0]
avg_val=16054.0

key=5000000
values=[1901.0, 1900.0, 2041.0]
avg_val=1947.3333333333333

