key=10000
values=[1025614.0, 939899.0, 1075218.0]
avg_val=1013577.0

key=100000
values=[174154.0, 167539.0, 213480.0]
avg_val=185057.66666666666

key=1000000
values=[6422.0, 6322.0, 6544.0]
avg_val=6429.333333333333

key=5000000
values=[757.0, 761.0, 815.0]
avg_val=777.6666666666666

