key=10000
values=[12846.0, 12449.0, 12696.0]
avg_val=12663.666666666666

key=100000
values=[2078.0, 2099.0, 2149.0]
avg_val=2108.6666666666665

key=1000000
values=[78.0, 74.0, 77.0]
avg_val=76.33333333333333

key=5000000
values=[10.0, 10.0, 12.0]
avg_val=10.666666666666666

