key=10000
values=[2145830.0, 2071714.0, 2116214.0]
avg_val=2111252.6666666665

key=100000
values=[345359.0, 355466.0, 359454.0]
avg_val=353426.3333333333

key=1000000
values=[12825.0, 12276.0, 13061.0]
avg_val=12720.666666666666

key=5000000
values=[1678.0, 1718.0, 2197.0]
avg_val=1864.3333333333333

