key=10000
values=[858631.0, 828549.0, 846601.0]
avg_val=844593.6666666666

key=100000
values=[138152.0, 142152.0, 143711.0]
avg_val=141338.33333333334

key=1000000
values=[5132.0, 4907.0, 5228.0]
avg_val=5089.0

key=5000000
values=[674.0, 684.0, 875.0]
avg_val=744.3333333333334

