key=10000
values=[1020198.0, 1003831.0, 1039831.0]
avg_val=1021286.6666666666

key=100000
values=[90521.0, 88552.0, 87903.0]
avg_val=88992.0

key=1000000
values=[8136.0, 8104.0, 7731.0]
avg_val=7990.333333333333

key=5000000
values=[1082.0, 1010.0, 1133.0]
avg_val=1075.0

