key=10000
values=[10321.0, 10134.0, 10535.0]
avg_val=10330.0

key=100000
values=[918.0, 902.0, 885.0]
avg_val=901.6666666666666

key=1000000
values=[79.0, 82.0, 76.0]
avg_val=79.0

key=5000000
values=[11.0, 10.0, 11.0]
avg_val=10.666666666666666

