key=10000
values=[1717562.0, 1689598.0, 1750686.0]
avg_val=1719282.0

key=100000
values=[152386.0, 149054.0, 147967.0]
avg_val=149802.33333333334

key=1000000
values=[13647.0, 13649.0, 12957.0]
avg_val=13417.666666666666

key=5000000
values=[1813.0, 1703.0, 1910.0]
avg_val=1808.6666666666667

