key=10000
values=[687041.0, 675632.0, 700319.0]
avg_val=687664.0

key=100000
values=[60946.0, 59599.0, 59178.0]
avg_val=59907.666666666664

key=1000000
values=[5431.0, 5463.0, 5150.0]
avg_val=5348.0

key=5000000
values=[719.0, 681.0, 765.0]
avg_val=721.6666666666666

