key=10000
values=[1162834.0, 1149123.0, 1164277.0]
avg_val=1158744.6666666667

key=100000
values=[727937.0, 711315.0, 742450.0]
avg_val=727234.0

key=1000000
values=[415173.0, 409429.0, 403907.0]
avg_val=409503.0

key=5000000
values=[242176.0, 250976.0, 264025.0]
avg_val=252392.33333333334

