key=10000
values=[1937958.0, 1915090.0, 1940079.0]
avg_val=1931042.3333333333

key=100000
values=[1213057.0, 1185130.0, 1237262.0]
avg_val=1211816.3333333333

key=1000000
values=[691813.0, 682567.0, 673129.0]
avg_val=682503.0

key=5000000
values=[403562.0, 418471.0, 440097.0]
avg_val=420710.0

