key=10000
values=[775124.0, 765966.0, 775802.0]
avg_val=772297.3333333334

key=100000
values=[485119.0, 473814.0, 494811.0]
avg_val=484581.3333333333

key=1000000
values=[276639.0, 273138.0, 269221.0]
avg_val=272999.3333333333

key=5000000
values=[161386.0, 167495.0, 176072.0]
avg_val=168317.66666666666

