key=10000
values=[1221962.0, 1226940.0, 1218906.0]
avg_val=1222602.6666666667

key=100000
values=[914107.0, 992201.0, 931828.0]
avg_val=946045.3333333334

key=1000000
values=[495100.0, 476396.0, 478982.0]
avg_val=483492.6666666667

key=5000000
values=[219164.0, 241959.0, 218203.0]
avg_val=226442.0

