key=10000
values=[3055097.0, 3067665.0, 3047135.0]
avg_val=3056632.3333333335

key=100000
values=[2285179.0, 2481223.0, 2329835.0]
avg_val=2365412.3333333335

key=1000000
values=[1237224.0, 1190799.0, 1197102.0]
avg_val=1208375.0

key=5000000
values=[548147.0, 604728.0, 545381.0]
avg_val=566085.3333333334

