key=10000
values=[1833135.0, 1840724.0, 1828229.0]
avg_val=1834029.3333333333

key=100000
values=[1371072.0, 1489022.0, 1398006.0]
avg_val=1419366.6666666667

key=1000000
values=[742124.0, 714402.0, 718119.0]
avg_val=724881.6666666666

key=5000000
values=[328983.0, 362768.0, 327178.0]
avg_val=339643.0

