key=10000
values=[9425.0, 9703.0, 9747.0]
avg_val=9625.0

key=100000
values=[509.0, 447.0, 492.0]
avg_val=482.6666666666667

key=1000000
values=[72.0, 67.0, 72.0]
avg_val=70.33333333333333

key=5000000
values=[9.0, 11.0, 11.0]
avg_val=10.333333333333334

