key=10000
values=[2352110.0, 2429868.0, 2439567.0]
avg_val=2407181.6666666665

key=100000
values=[127120.0, 112304.0, 124629.0]
avg_val=121351.0

key=1000000
values=[18448.0, 16666.0, 17591.0]
avg_val=17568.333333333332

key=5000000
values=[2523.0, 2956.0, 2521.0]
avg_val=2666.6666666666665

