key=10000
values=[1411209.0, 1457972.0, 1463763.0]
avg_val=1444314.6666666667

key=100000
values=[76289.0, 67398.0, 74723.0]
avg_val=72803.33333333333

key=1000000
values=[11077.0, 10001.0, 10554.0]
avg_val=10544.0

key=5000000
values=[1510.0, 1770.0, 1513.0]
avg_val=1597.6666666666667

