key=10000
values=[8819687.0, 8695171.0, 8770364.0]
avg_val=8761740.666666666

key=100000
values=[6730367.0, 6768644.0, 6645845.0]
avg_val=6714952.0

key=1000000
values=[3113776.0, 3098557.0, 3331284.0]
avg_val=3181205.6666666665

key=8000000
values=[995075.0, 1015062.0, 957468.0]
avg_val=989201.6666666666

