key=10000
values=[9144984.0, 9216188.0, 9157341.0]
avg_val=9172837.666666666

key=100000
values=[6666171.0, 6643684.0, 6614390.0]
avg_val=6641415.0

key=1000000
values=[2520506.0, 2716895.0, 2374769.0]
avg_val=2537390.0

key=8000000
values=[1207978.0, 1048641.0, 1235380.0]
avg_val=1163999.6666666667

