key=10000
values=[4208195.0, 4187831.0, 4330087.0]
avg_val=4242037.666666667

key=100000
values=[2511858.0, 2576588.0, 2468355.0]
avg_val=2518933.6666666665

key=1000000
values=[931339.0, 874973.0, 968582.0]
avg_val=924964.6666666666

key=8000000
values=[456015.0, 454660.0, 455483.0]
avg_val=455386.0

