key=10000
values=[2524866.0, 2513060.0, 2598341.0]
avg_val=2545422.3333333335

key=100000
values=[1507125.0, 1545875.0, 1480910.0]
avg_val=1511303.3333333333

key=1000000
values=[558749.0, 524915.0, 581311.0]
avg_val=554991.6666666666

key=8000000
values=[273772.0, 272776.0, 273268.0]
avg_val=273272.0

