key=10000
values=[2511679.0, 2509712.0, 2518013.0]
avg_val=2513134.6666666665

key=100000
values=[1365651.0, 1381365.0, 1359202.0]
avg_val=1368739.3333333333

key=1000000
values=[539276.0, 494289.0, 480250.0]
avg_val=504605.0

key=8000000
values=[294812.0, 289602.0, 299023.0]
avg_val=294479.0

