key=10000
values=[6279220.0, 6273830.0, 6294305.0]
avg_val=6282451.666666667

key=100000
values=[3414530.0, 3453740.0, 3398216.0]
avg_val=3422162.0

key=1000000
values=[1348134.0, 1235886.0, 1200327.0]
avg_val=1261449.0

key=8000000
values=[736988.0, 723591.0, 747296.0]
avg_val=735958.3333333334

