key=10000
values=[3767541.0, 3764117.0, 3776291.0]
avg_val=3769316.3333333335

key=100000
values=[2048878.0, 2072375.0, 2039014.0]
avg_val=2053422.3333333333

key=1000000
values=[808857.0, 741597.0, 720077.0]
avg_val=756843.6666666666

key=8000000
values=[442176.0, 433988.0, 448272.0]
avg_val=441478.6666666667

