key=10000
values=[1380691.0, 1372664.0, 1381993.0]
avg_val=1378449.3333333333

key=100000
values=[187480.0, 183757.0, 181986.0]
avg_val=184407.66666666666

key=1000000
values=[5209.0, 6224.0, 4190.0]
avg_val=5207.666666666667

key=5000000
values=[879.0, 840.0, 889.0]
avg_val=869.3333333333334

