key=10000
values=[13982.0, 13850.0, 13996.0]
avg_val=13942.666666666666

key=100000
values=[1886.0, 1867.0, 1842.0]
avg_val=1865.0

key=1000000
values=[52.0, 65.0, 44.0]
avg_val=53.666666666666664

key=5000000
values=[8.0, 8.0, 8.0]
avg_val=8.0

