key=10000
values=[2324800.0, 2310923.0, 2327068.0]
avg_val=2320930.3333333335

key=100000
values=[315771.0, 309346.0, 306361.0]
avg_val=310492.6666666667

key=1000000
values=[8778.0, 10476.0, 7072.0]
avg_val=8775.333333333334

key=5000000
values=[1487.0, 1416.0, 1503.0]
avg_val=1468.6666666666667

