key=10000
values=[930126.0, 924409.0, 931078.0]
avg_val=928537.6666666666

key=100000
values=[126404.0, 123721.0, 122532.0]
avg_val=124219.0

key=1000000
values=[3516.0, 4186.0, 2838.0]
avg_val=3513.3333333333335

key=5000000
values=[599.0, 567.0, 605.0]
avg_val=590.3333333333334

