key=10000
values=[2213995.0, 2121678.0, 2194262.0]
avg_val=2176645.0

key=100000
values=[1805398.0, 1843789.0, 1818283.0]
avg_val=1822490.0

key=1000000
values=[669393.0, 700238.0, 739553.0]
avg_val=703061.3333333334

key=5000000
values=[307553.0, 331358.0, 309825.0]
avg_val=316245.3333333333

