key=10000
values=[3690021.0, 3535539.0, 3657239.0]
avg_val=3627599.6666666665

key=100000
values=[3009604.0, 3073579.0, 3030610.0]
avg_val=3037931.0

key=1000000
values=[1115619.0, 1167472.0, 1232667.0]
avg_val=1171919.3333333333

key=5000000
values=[512587.0, 552109.0, 516639.0]
avg_val=527111.6666666666

