key=10000
values=[1476025.0, 1413861.0, 1462977.0]
avg_val=1450954.3333333333

key=100000
values=[1204205.0, 1229790.0, 1212327.0]
avg_val=1215440.6666666667

key=1000000
values=[446225.0, 467233.0, 493113.0]
avg_val=468857.0

key=5000000
values=[205034.0, 220751.0, 206813.0]
avg_val=210866.0

