key=10000
values=[2452994.0, 2486135.0, 2462711.0]
avg_val=2467280.0

key=100000
values=[1697434.0, 1693133.0, 1710922.0]
avg_val=1700496.3333333333

key=1000000
values=[696123.0, 719988.0, 736817.0]
avg_val=717642.6666666666

key=8000000
values=[348903.0, 389367.0, 349075.0]
avg_val=362448.3333333333

