key=10000
values=[6132974.0, 6215685.0, 6156076.0]
avg_val=6168245.0

key=100000
values=[4243353.0, 4232455.0, 4277408.0]
avg_val=4251072.0

key=1000000
values=[1739955.0, 1800447.0, 1842740.0]
avg_val=1794380.6666666667

key=8000000
values=[872523.0, 973467.0, 873061.0]
avg_val=906350.3333333334

