key=10000
values=[3679980.0, 3729549.0, 3693364.0]
avg_val=3700964.3333333335

key=100000
values=[2545919.0, 2539322.0, 2566485.0]
avg_val=2550575.3333333335

key=1000000
values=[1043831.0, 1080459.0, 1105922.0]
avg_val=1076737.3333333333

key=8000000
values=[523619.0, 584099.0, 523986.0]
avg_val=543901.3333333334

