key=10000
values=[3239685.0, 3166716.0, 3206001.0]
avg_val=3204134.0

key=100000
values=[1657995.0, 2115458.0, 2159235.0]
avg_val=1977562.6666666667

key=1000000
values=[901656.0, 934173.0, 950318.0]
avg_val=928715.6666666666

key=8000000
values=[467121.0, 516665.0, 496834.0]
avg_val=493540.0

