key=10000
values=[8099313.0, 7915447.0, 8015691.0]
avg_val=8010150.333333333

key=100000
values=[4145750.0, 5288063.0, 5399975.0]
avg_val=4944596.0

key=1000000
values=[2254378.0, 2335626.0, 2376249.0]
avg_val=2322084.3333333335

key=8000000
values=[1166878.0, 1291527.0, 1242058.0]
avg_val=1233487.6666666667

