key=10000
values=[4859627.0, 4748730.0, 4809689.0]
avg_val=4806015.333333333

key=100000
values=[2487755.0, 3172604.0, 3240740.0]
avg_val=2967033.0

key=1000000
values=[1352721.0, 1401453.0, 1425931.0]
avg_val=1393368.3333333333

key=8000000
values=[699756.0, 774862.0, 745224.0]
avg_val=739947.3333333334

