key=10000
values=[1218140.0, 1202699.0, 1214978.0]
avg_val=1211939.0

key=100000
values=[118225.0, 131420.0, 150446.0]
avg_val=133363.66666666666

key=1000000
values=[9648.0, 8477.0, 8930.0]
avg_val=9018.333333333334

key=5000000
values=[1375.0, 1350.0, 1515.0]
avg_val=1413.3333333333333

