key=10000
values=[2050708.0, 2025105.0, 2045117.0]
avg_val=2040310.0

key=100000
values=[199042.0, 221246.0, 253492.0]
avg_val=224593.33333333334

key=1000000
values=[16279.0, 14255.0, 15045.0]
avg_val=15193.0

key=5000000
values=[2311.0, 2265.0, 2548.0]
avg_val=2374.6666666666665

