key=10000
values=[820285.0, 810257.0, 817894.0]
avg_val=816145.3333333334

key=100000
values=[79614.0, 88515.0, 101519.0]
avg_val=89882.66666666667

key=1000000
values=[6531.0, 5693.0, 6025.0]
avg_val=6083.0

key=5000000
values=[923.0, 902.0, 1018.0]
avg_val=947.6666666666666

