key=10000
values=[1492926.0, 1473744.0, 1484599.0]
avg_val=1483756.3333333333

key=100000
values=[1023990.0, 858679.0, 883292.0]
avg_val=921987.0

key=1000000
values=[481521.0, 408180.0, 431767.0]
avg_val=440489.3333333333

key=5000000
values=[233545.0, 223769.0, 255147.0]
avg_val=237487.0

