key=10000
values=[3732789.0, 3684305.0, 3711698.0]
avg_val=3709597.3333333335

key=100000
values=[2559831.0, 2145937.0, 2208336.0]
avg_val=2304701.3333333335

key=1000000
values=[1203702.0, 1020218.0, 1079352.0]
avg_val=1101090.6666666667

key=5000000
values=[583920.0, 559391.0, 638257.0]
avg_val=593856.0

