key=10000
values=[15174815.0, 15222732.0, 15105242.0]
avg_val=15167596.333333334

key=100000
values=[10528754.0, 10499324.0, 10514496.0]
avg_val=10514191.333333334

key=1000000
values=[6543385.0, 6444695.0, 6451422.0]
avg_val=6479834.0

key=8000000
values=[1792864.0, 1955815.0, 1763048.0]
avg_val=1837242.3333333333

