key=10000
values=[1004739.0, 1023611.0, 1005256.0]
avg_val=1011202.0

key=100000
values=[82370.0, 81556.0, 68167.0]
avg_val=77364.33333333333

key=1000000
values=[10877.0, 10761.0, 10653.0]
avg_val=10763.666666666666

key=5000000
values=[1657.0, 1439.0, 1806.0]
avg_val=1634.0

