key=10000
values=[10146.0, 10342.0, 10185.0]
avg_val=10224.333333333334

key=100000
values=[831.0, 826.0, 679.0]
avg_val=778.6666666666666

key=1000000
values=[108.0, 106.0, 105.0]
avg_val=106.33333333333333

key=5000000
values=[16.0, 15.0, 16.0]
avg_val=15.666666666666666

