key=10000
values=[2537719.0, 2584193.0, 2539079.0]
avg_val=2553663.6666666665

key=100000
values=[208087.0, 205673.0, 172185.0]
avg_val=195315.0

key=1000000
values=[27465.0, 27176.0, 26873.0]
avg_val=27171.333333333332

key=5000000
values=[4193.0, 3654.0, 4566.0]
avg_val=4137.666666666667

