key=10000
values=[1522833.0, 1550239.0, 1523637.0]
avg_val=1532236.3333333333

key=100000
values=[124884.0, 123290.0, 103337.0]
avg_val=117170.33333333333

key=1000000
values=[16479.0, 16308.0, 16115.0]
avg_val=16300.666666666666

key=5000000
values=[2520.0, 2199.0, 2742.0]
avg_val=2487.0

