key=10000
values=[1834465.0, 1823359.0, 1867162.0]
avg_val=1841662.0

key=100000
values=[1311338.0, 1284621.0, 1362027.0]
avg_val=1319328.6666666667

key=1000000
values=[614208.0, 550998.0, 553968.0]
avg_val=573058.0

key=5000000
values=[324123.0, 305932.0, 327145.0]
avg_val=319066.6666666667

