key=10000
values=[3057216.0, 3039982.0, 3111376.0]
avg_val=3069524.6666666665

key=100000
values=[2185665.0, 2140919.0, 2269961.0]
avg_val=2198848.3333333335

key=1000000
values=[1023790.0, 918451.0, 923480.0]
avg_val=955240.3333333334

key=5000000
values=[540461.0, 509663.0, 545277.0]
avg_val=531800.3333333334

