key=10000
values=[1222751.0, 1216622.0, 1244214.0]
avg_val=1227862.3333333333

key=100000
values=[874326.0, 856298.0, 907933.0]
avg_val=879519.0

key=1000000
values=[409581.0, 367452.0, 369512.0]
avg_val=382181.6666666667

key=5000000
values=[216337.0, 203731.0, 218131.0]
avg_val=212733.0

