key=10000
values=[3782085.0, 3798746.0, 3766709.0]
avg_val=3782513.3333333335

key=100000
values=[2170826.0, 2050683.0, 2151190.0]
avg_val=2124233.0

key=1000000
values=[983770.0, 877046.0, 985550.0]
avg_val=948788.6666666666

key=5000000
values=[595118.0, 512846.0, 612419.0]
avg_val=573461.0

