key=10000
values=[2269150.0, 2279449.0, 2260168.0]
avg_val=2269589.0

key=100000
values=[1302227.0, 1230381.0, 1290612.0]
avg_val=1274406.6666666667

key=1000000
values=[590243.0, 526290.0, 591416.0]
avg_val=569316.3333333334

key=5000000
values=[357059.0, 307891.0, 367512.0]
avg_val=344154.0

