key=10000
values=[1125080.0, 1124140.0, 1133627.0]
avg_val=1127615.6666666667

key=100000
values=[884006.0, 816449.0, 811684.0]
avg_val=837379.6666666666

key=1000000
values=[398250.0, 369484.0, 404955.0]
avg_val=390896.3333333333

key=5000000
values=[223600.0, 223690.0, 230825.0]
avg_val=226038.33333333334

