key=10000
values=[1875361.0, 1873784.0, 1889672.0]
avg_val=1879605.6666666667

key=100000
values=[1473483.0, 1360660.0, 1352663.0]
avg_val=1395602.0

key=1000000
values=[663902.0, 615889.0, 675035.0]
avg_val=651608.6666666666

key=5000000
values=[372799.0, 372888.0, 384909.0]
avg_val=376865.3333333333

