key=10000
values=[750281.0, 749643.0, 756045.0]
avg_val=751989.6666666666

key=100000
values=[589477.0, 544211.0, 540979.0]
avg_val=558222.3333333334

key=1000000
values=[265651.0, 246404.0, 270079.0]
avg_val=260711.33333333334

key=5000000
values=[149198.0, 149198.0, 154084.0]
avg_val=150826.66666666666

