key=10000
values=[8034049.0, 8049419.0, 7952258.0]
avg_val=8011908.666666667

key=100000
values=[4633356.0, 4446260.0, 4450494.0]
avg_val=4510036.666666667

key=1000000
values=[1382253.0, 1509211.0, 1483651.0]
avg_val=1458371.6666666667

key=8000000
values=[795660.0, 732797.0, 834174.0]
avg_val=787543.6666666666

