key=10000
values=[8978174.0, 8826647.0, 8930000.0]
avg_val=8911607.0

key=100000
values=[5674556.0, 5668396.0, 5697479.0]
avg_val=5680143.666666667

key=1000000
values=[1819117.0, 1903621.0, 1970518.0]
avg_val=1897752.0

key=8000000
values=[874899.0, 809962.0, 811606.0]
avg_val=832155.6666666666

