key=10000
values=[7858089.0, 7786720.0, 7676520.0]
avg_val=7773776.333333333

key=100000
values=[5628432.0, 5499720.0, 5586831.0]
avg_val=5571661.0

key=1000000
values=[2003495.0, 2287153.0, 1887134.0]
avg_val=2059260.6666666667

key=8000000
values=[949979.0, 927246.0, 904846.0]
avg_val=927357.0

