key=10000
values=[853346.0, 856344.0, 851944.0]
avg_val=853878.0

key=100000
values=[448428.0, 502736.0, 489961.0]
avg_val=480375.0

key=1000000
values=[252554.0, 254571.0, 263420.0]
avg_val=256848.33333333334

key=5000000
values=[173111.0, 165206.0, 173082.0]
avg_val=170466.33333333334

