key=10000
values=[1280025.0, 1284665.0, 1277780.0]
avg_val=1280823.3333333333

key=100000
values=[672254.0, 754174.0, 735075.0]
avg_val=720501.0

key=1000000
values=[379158.0, 382042.0, 395208.0]
avg_val=385469.3333333333

key=5000000
values=[259496.0, 247798.0, 259831.0]
avg_val=255708.33333333334

