key=10000
values=[14664719.0, 14905583.0, 14981881.0]
avg_val=14850727.666666666

key=100000
values=[8444930.0, 8339788.0, 8248094.0]
avg_val=8344270.666666667

key=1000000
values=[4678855.0, 4712938.0, 4605095.0]
avg_val=4665629.333333333

key=8000000
values=[1683093.0, 1722896.0, 1826902.0]
avg_val=1744297.0

