key=10000
values=[8888598.0, 8791088.0, 9236556.0]
avg_val=8972080.666666666

key=100000
values=[8171615.0, 6795755.0, 7991193.0]
avg_val=7652854.333333333

key=1000000
values=[7131066.0, 7194763.0, 7009595.0]
avg_val=7111808.0

