key=10000
values=[22221651.0, 21979723.0, 23090870.0]
avg_val=22430748.0

key=100000
values=[20428920.0, 16989658.0, 19978507.0]
avg_val=19132361.666666668

key=1000000
values=[17830122.0, 17984184.0, 17525324.0]
avg_val=17779876.666666668

