key=10000
values=[13333052.0, 13188635.0, 13854314.0]
avg_val=13458667.0

key=100000
values=[12257304.0, 10193903.0, 11987313.0]
avg_val=11479506.666666666

key=1000000
values=[10699055.0, 10789421.0, 10515729.0]
avg_val=10668068.333333334

