key=10000
values=[5113474.0, 4971070.0, 4976397.0]
avg_val=5020313.666666667

key=100000
values=[3654250.0, 3115375.0, 2997879.0]
avg_val=3255834.6666666665

key=1000000
values=[841473.0, 955405.0, 896308.0]
avg_val=897728.6666666666

key=5000000
values=[415719.0, 415719.0, 415719.0]
avg_val=415719.0

