key=10000
values=[1935224.0, 1899536.0, 1935424.0]
avg_val=1923394.6666666667

key=100000
values=[1142494.0, 1158359.0, 1152686.0]
avg_val=1151179.6666666667

key=1000000
values=[468285.0, 424059.0, 470543.0]
avg_val=454295.6666666667

key=5000000
values=[223800.0, 244579.0, 258817.0]
avg_val=242398.66666666666

