key=10000
values=[3225488.0, 3165796.0, 3225978.0]
avg_val=3205754.0

key=100000
values=[1904360.0, 1930629.0, 1921469.0]
avg_val=1918819.3333333333

key=1000000
values=[780340.0, 706703.0, 784330.0]
avg_val=757124.3333333334

key=5000000
values=[372926.0, 407744.0, 431184.0]
avg_val=403951.3333333333

