key=10000
values=[1290264.0, 1266260.0, 1290553.0]
avg_val=1282359.0

key=100000
values=[761866.0, 772270.0, 768783.0]
avg_val=767639.6666666666

key=1000000
values=[312055.0, 282644.0, 313786.0]
avg_val=302828.3333333333

key=5000000
values=[149125.0, 163165.0, 172367.0]
avg_val=161552.33333333334

