key=10000
values=[2085348.0, 2080588.0, 2092518.0]
avg_val=2086151.3333333333

key=100000
values=[1235039.0, 1229912.0, 1220876.0]
avg_val=1228609.0

key=1000000
values=[482352.0, 432324.0, 439013.0]
avg_val=451229.6666666667

key=8000000
values=[276319.0, 252040.0, 274001.0]
avg_val=267453.3333333333

