key=10000
values=[5212814.0, 5201390.0, 5230221.0]
avg_val=5214808.333333333

key=100000
values=[3087518.0, 3075057.0, 3052632.0]
avg_val=3071735.6666666665

key=1000000
values=[1206158.0, 1080658.0, 1098038.0]
avg_val=1128284.6666666667

key=8000000
values=[690907.0, 630115.0, 685098.0]
avg_val=668706.6666666666

