key=10000
values=[3127466.0, 3120801.0, 3137703.0]
avg_val=3128656.6666666665

key=100000
values=[1852479.0, 1845145.0, 1831756.0]
avg_val=1843126.6666666667

key=1000000
values=[723805.0, 648333.0, 659024.0]
avg_val=677054.0

key=8000000
values=[414588.0, 378075.0, 411096.0]
avg_val=401253.0

