key=10000
values=[5739428.0, 5997610.0, 5902522.0]
avg_val=5879853.333333333

key=100000
values=[241301.0, 237260.0, 207110.0]
avg_val=228557.0

key=1000000
values=[10883.0, 10894.0, 12957.0]
avg_val=11578.0

key=5000000
values=[1436.0, 1717.0, 1409.0]
avg_val=1520.6666666666667

