key=10000
values=[58014.0, 60609.0, 59653.0]
avg_val=59425.333333333336

key=100000
values=[2448.0, 2382.0, 2095.0]
avg_val=2308.3333333333335

key=1000000
values=[115.0, 110.0, 128.0]
avg_val=117.66666666666667

key=5000000
values=[16.0, 17.0, 14.0]
avg_val=15.666666666666666

