key=10000
values=[5797442.0, 6058219.0, 5962176.0]
avg_val=5939279.0

key=100000
values=[243749.0, 239642.0, 209206.0]
avg_val=230865.66666666666

key=1000000
values=[10998.0, 11004.0, 13085.0]
avg_val=11695.666666666666

key=5000000
values=[1452.0, 1735.0, 1423.0]
avg_val=1536.6666666666667

