key=10000
values=[1071944.0, 1082228.0, 1066648.0]
avg_val=1073606.6666666667

key=100000
values=[99599.0, 94608.0, 98406.0]
avg_val=97537.66666666667

key=1000000
values=[10762.0, 10475.0, 11768.0]
avg_val=11001.666666666666

key=5000000
values=[1785.0, 1846.0, 1572.0]
avg_val=1734.3333333333333

