key=10000
values=[10820.0, 10947.0, 10742.0]
avg_val=10836.333333333334

key=100000
values=[1010.0, 959.0, 997.0]
avg_val=988.6666666666666

key=1000000
values=[108.0, 108.0, 120.0]
avg_val=112.0

key=5000000
values=[15.0, 17.0, 16.0]
avg_val=16.0

