key=10000
values=[2707838.0, 2732580.0, 2693622.0]
avg_val=2711346.6666666665

key=100000
values=[251391.0, 239118.0, 248566.0]
avg_val=246358.33333333334

key=1000000
values=[27161.0, 26452.0, 29712.0]
avg_val=27775.0

key=5000000
values=[4491.0, 4639.0, 3997.0]
avg_val=4375.666666666667

