key=10000
values=[1625074.0, 1639404.0, 1616231.0]
avg_val=1626903.0

key=100000
values=[150781.0, 143551.0, 149161.0]
avg_val=147831.0

key=1000000
values=[16290.0, 15868.0, 17823.0]
avg_val=16660.333333333332

key=5000000
values=[2690.0, 2775.0, 2408.0]
avg_val=2624.3333333333335

