key=10000
values=[7085561.0, 7138748.0, 7140030.0]
avg_val=7121446.333333333

key=100000
values=[3684865.0, 3726623.0, 3625121.0]
avg_val=3678869.6666666665

key=1000000
values=[1184117.0, 1082592.0, 1109614.0]
avg_val=1125441.0

key=8000000
values=[547507.0, 506788.0, 563064.0]
avg_val=539119.6666666666

