key=10000
values=[2114777.0, 2057202.0, 1974439.0]
avg_val=2048806.0

key=100000
values=[1170958.0, 1177163.0, 1216330.0]
avg_val=1188150.3333333333

key=1000000
values=[424449.0, 475893.0, 464612.0]
avg_val=454984.6666666667

key=5000000
values=[295956.0, 287137.0, 289223.0]
avg_val=290772.0

