key=10000
values=[10577.0, 10982.0, 10630.0]
avg_val=10729.666666666666

key=100000
values=[780.0, 565.0, 778.0]
avg_val=707.6666666666666

key=1000000
values=[74.0, 71.0, 74.0]
avg_val=73.0

key=5000000
values=[10.0, 11.0, 10.0]
avg_val=10.333333333333334

