key=10000
values=[1758624.0, 1828205.0, 1775929.0]
avg_val=1787586.0

key=100000
values=[130325.0, 93897.0, 130984.0]
avg_val=118402.0

key=1000000
values=[12518.0, 11996.0, 12076.0]
avg_val=12196.666666666666

key=5000000
values=[1708.0, 2035.0, 1751.0]
avg_val=1831.3333333333333

