key=10000
values=[703388.0, 731576.0, 710174.0]
avg_val=715046.0

key=100000
values=[52126.0, 37562.0, 52411.0]
avg_val=47366.333333333336

key=1000000
values=[5013.0, 4805.0, 4808.0]
avg_val=4875.333333333333

key=5000000
values=[685.0, 814.0, 706.0]
avg_val=735.0

