key=10000
values=[1219758.0, 1217767.0, 1214802.0]
avg_val=1217442.3333333333

key=100000
values=[169101.0, 170878.0, 173653.0]
avg_val=171210.66666666666

key=1000000
values=[5597.0, 5021.0, 5040.0]
avg_val=5219.333333333333

key=5000000
values=[983.0, 878.0, 664.0]
avg_val=841.6666666666666

