key=10000
values=[12290.0, 12281.0, 12238.0]
avg_val=12269.666666666666

key=100000
values=[1702.0, 1718.0, 1754.0]
avg_val=1724.6666666666667

key=1000000
values=[55.0, 50.0, 50.0]
avg_val=51.666666666666664

key=5000000
values=[9.0, 8.0, 7.0]
avg_val=8.0

