key=10000
values=[1848638.0, 1844778.0, 1840469.0]
avg_val=1844628.3333333333

key=100000
values=[256387.0, 259040.0, 263020.0]
avg_val=259482.33333333334

key=1000000
values=[8485.0, 7564.0, 7672.0]
avg_val=7907.0

key=5000000
values=[1481.0, 1326.0, 1016.0]
avg_val=1274.3333333333333

