key=10000
values=[4782532.0, 4800661.0, 4676943.0]
avg_val=4753378.666666667

key=100000
values=[2806850.0, 2729888.0, 3318843.0]
avg_val=2951860.3333333335

key=1000000
values=[886958.0, 847492.0, 925279.0]
avg_val=886576.3333333334

key=5000000
values=[415719.0, 438986.0, 415467.0]
avg_val=423390.6666666667

