key=10000
values=[1694936.0, 1695196.0, 1701128.0]
avg_val=1697086.6666666667

key=100000
values=[937418.0, 944713.0, 948392.0]
avg_val=943507.6666666666

key=1000000
values=[352255.0, 380211.0, 348777.0]
avg_val=360414.3333333333

key=8000000
values=[198185.0, 230955.0, 228357.0]
avg_val=219165.66666666666

