key=10000
values=[4237008.0, 4238067.0, 4253033.0]
avg_val=4242702.666666667

key=100000
values=[2343180.0, 2361525.0, 2371785.0]
avg_val=2358830.0

key=1000000
values=[880488.0, 950486.0, 871925.0]
avg_val=900966.3333333334

key=8000000
values=[495522.0, 577630.0, 570840.0]
avg_val=547997.3333333334

