key=10000
values=[2542072.0, 2542871.0, 2551905.0]
avg_val=2545616.0

key=100000
values=[1405761.0, 1416812.0, 1423392.0]
avg_val=1415321.6666666667

key=1000000
values=[528233.0, 570274.0, 523147.0]
avg_val=540551.3333333334

key=8000000
values=[297336.0, 346674.0, 342482.0]
avg_val=328830.6666666667

