key=10000
values=[4659336.0, 4550361.0, 4644981.0]
avg_val=4618226.0

key=100000
values=[2897009.0, 3067842.0, 2349159.0]
avg_val=2771336.6666666665

key=1000000
values=[804272.0, 881755.0, 825786.0]
avg_val=837271.0

key=5000000
values=[415654.0, 393248.0, 408716.0]
avg_val=405872.6666666667

