key=10000
values=[2592945.0, 2644854.0, 2640520.0]
avg_val=2626106.3333333335

key=100000
values=[172065.0, 166554.0, 183071.0]
avg_val=173896.66666666666

key=1000000
values=[6726.0, 7600.0, 7525.0]
avg_val=7283.666666666667

key=5000000
values=[1092.0, 1073.0, 1115.0]
avg_val=1093.3333333333333

