key=10000
values=[26262.0, 26666.0, 26658.0]
avg_val=26528.666666666668

key=100000
values=[1732.0, 1668.0, 1827.0]
avg_val=1742.3333333333333

key=1000000
values=[70.0, 75.0, 74.0]
avg_val=73.0

key=5000000
values=[10.0, 11.0, 11.0]
avg_val=10.666666666666666

