key=10000
values=[2619207.0, 2671521.0, 2667178.0]
avg_val=2652635.3333333335

key=100000
values=[173798.0, 168223.0, 184898.0]
avg_val=175639.66666666666

key=1000000
values=[6796.0, 7675.0, 7599.0]
avg_val=7356.666666666667

key=5000000
values=[1102.0, 1084.0, 1126.0]
avg_val=1104.0

