key=10000
values=[1137784.0, 1147225.0, 1126929.0]
avg_val=1137312.6666666667

key=100000
values=[925945.0, 880876.0, 884331.0]
avg_val=897050.6666666666

key=1000000
values=[397365.0, 395863.0, 405861.0]
avg_val=399696.3333333333

key=5000000
values=[222951.0, 223034.0, 240809.0]
avg_val=228931.33333333334

