key=10000
values=[1896925.0, 1912168.0, 1877742.0]
avg_val=1895611.6666666667

key=100000
values=[1543033.0, 1467937.0, 1473598.0]
avg_val=1494856.0

key=1000000
values=[662176.0, 659695.0, 676692.0]
avg_val=666187.6666666666

key=5000000
values=[371467.0, 371772.0, 401182.0]
avg_val=381473.6666666667

