key=10000
values=[759141.0, 764943.0, 750812.0]
avg_val=758298.6666666666

key=100000
values=[617087.0, 587061.0, 589267.0]
avg_val=597805.0

key=1000000
values=[264811.0, 263831.0, 270831.0]
avg_val=266491.0

key=5000000
values=[148515.0, 148737.0, 160373.0]
avg_val=152541.66666666666

