key=10000
values=[51214411.0, 50164179.0, 46862386.0]
avg_val=49413658.666666664

key=100000
values=[48631682.0, 49903618.0, 51124050.0]
avg_val=49886450.0

key=1000000
values=[47743194.0, 49764838.0, 49602618.0]
avg_val=49036883.333333336

