key=10000
values=[1142473.0, 1105189.0, 1132799.0]
avg_val=1126820.3333333333

key=100000
values=[165741.0, 167804.0, 165166.0]
avg_val=166237.0

key=1000000
values=[4754.0, 5281.0, 5123.0]
avg_val=5052.666666666667

key=5000000
values=[664.0, 787.0, 860.0]
avg_val=770.3333333333334

