key=10000
values=[11539.0, 11133.0, 11417.0]
avg_val=11363.0

key=100000
values=[1656.0, 1702.0, 1666.0]
avg_val=1674.6666666666667

key=1000000
values=[49.0, 51.0, 52.0]
avg_val=50.666666666666664

key=5000000
values=[8.0, 8.0, 9.0]
avg_val=8.333333333333334

