key=10000
values=[2885360.0, 2789156.0, 2860403.0]
avg_val=2844973.0

key=100000
values=[418480.0, 423218.0, 417018.0]
avg_val=419572.0

key=1000000
values=[12000.0, 13369.0, 12972.0]
avg_val=12780.333333333334

key=5000000
values=[1666.0, 1989.0, 2155.0]
avg_val=1936.6666666666667

