key=10000
values=[1731348.0, 1672832.0, 1716186.0]
avg_val=1706788.6666666667

key=100000
values=[251081.0, 253712.0, 250185.0]
avg_val=251659.33333333334

key=1000000
values=[7196.0, 8037.0, 7796.0]
avg_val=7676.333333333333

key=5000000
values=[993.0, 1193.0, 1285.0]
avg_val=1157.0

