key=10000
values=[1055981.0, 1054264.0, 1036024.0]
avg_val=1048756.3333333333

key=100000
values=[173380.0, 136880.0, 170788.0]
avg_val=160349.33333333334

key=1000000
values=[8253.0, 8838.0, 7869.0]
avg_val=8320.0

key=5000000
values=[1091.0, 1055.0, 914.0]
avg_val=1020.0

