key=10000
values=[10674.0, 10664.0, 10495.0]
avg_val=10611.0

key=100000
values=[1753.0, 1388.0, 1724.0]
avg_val=1621.6666666666667

key=1000000
values=[83.0, 84.0, 80.0]
avg_val=82.33333333333333

key=5000000
values=[12.0, 10.0, 9.0]
avg_val=10.333333333333334

