key=10000
values=[1777837.0, 1774996.0, 1744280.0]
avg_val=1765704.3333333333

key=100000
values=[291819.0, 230490.0, 287379.0]
avg_val=269896.0

key=1000000
values=[13889.0, 14838.0, 13239.0]
avg_val=13988.666666666666

key=5000000
values=[1841.0, 1777.0, 1533.0]
avg_val=1717.0

