key=10000
values=[711181.0, 710067.0, 697759.0]
avg_val=706335.6666666666

key=100000
values=[116685.0, 92221.0, 114866.0]
avg_val=107924.0

key=1000000
values=[5552.0, 5914.0, 5289.0]
avg_val=5585.0

key=5000000
values=[737.0, 711.0, 609.0]
avg_val=685.6666666666666

