key=10000
values=[865356.0, 872537.0, 870286.0]
avg_val=869393.0

key=100000
values=[60881.0, 46829.0, 52659.0]
avg_val=53456.333333333336

key=1000000
values=[6622.0, 6718.0, 6306.0]
avg_val=6548.666666666667

key=5000000
values=[1133.0, 1311.0, 1131.0]
avg_val=1191.6666666666667

