key=10000
values=[8729.0, 8847.0, 8806.0]
avg_val=8794.0

key=100000
values=[618.0, 469.0, 529.0]
avg_val=538.6666666666666

key=1000000
values=[66.0, 68.0, 66.0]
avg_val=66.66666666666667

key=5000000
values=[11.0, 12.0, 11.0]
avg_val=11.333333333333334

