key=10000
values=[2184850.0, 2202844.0, 2197995.0]
avg_val=2195229.6666666665

key=100000
values=[153756.0, 118188.0, 132978.0]
avg_val=134974.0

key=1000000
values=[16669.0, 17011.0, 15890.0]
avg_val=16523.333333333332

key=5000000
values=[2886.0, 3327.0, 2872.0]
avg_val=3028.3333333333335

