key=10000
values=[1310764.0, 1321459.0, 1318901.0]
avg_val=1317041.3333333333

key=100000
values=[92256.0, 70890.0, 79789.0]
avg_val=80978.33333333333

key=1000000
values=[9980.0, 10224.0, 9517.0]
avg_val=9907.0

key=5000000
values=[1741.0, 2003.0, 1728.0]
avg_val=1824.0

