key=10000
values=[3509478.0, 3665433.0, 3468216.0]
avg_val=3547709.0

key=100000
values=[261941.0, 276727.0, 234359.0]
avg_val=257675.66666666666

key=1000000
values=[9475.0, 6803.0, 8677.0]
avg_val=8318.333333333334

key=5000000
values=[1092.0, 1083.0, 1166.0]
avg_val=1113.6666666666667

