key=10000
values=[35416.0, 36993.0, 35019.0]
avg_val=35809.333333333336

key=100000
values=[2652.0, 2790.0, 2345.0]
avg_val=2595.6666666666665

key=1000000
values=[90.0, 68.0, 87.0]
avg_val=81.66666666666667

key=5000000
values=[11.0, 11.0, 12.0]
avg_val=11.333333333333334

