key=10000
values=[3544894.0, 3702427.0, 3503235.0]
avg_val=3583518.6666666665

key=100000
values=[264593.0, 279518.0, 236704.0]
avg_val=260271.66666666666

key=1000000
values=[9565.0, 6872.0, 8764.0]
avg_val=8400.333333333334

key=5000000
values=[1104.0, 1095.0, 1178.0]
avg_val=1125.6666666666667

