key=10000
values=[2042980.0, 1991161.0, 1989068.0]
avg_val=2007736.3333333333

key=100000
values=[1152795.0, 1120696.0, 1108335.0]
avg_val=1127275.3333333333

key=1000000
values=[440076.0, 402747.0, 385433.0]
avg_val=409418.6666666667

key=5000000
values=[245987.0, 266188.0, 267310.0]
avg_val=259828.33333333334

