key=10000
values=[1981962.0, 2037996.0, 2003262.0]
avg_val=2007740.0

key=100000
values=[1360928.0, 1328967.0, 1287684.0]
avg_val=1325859.6666666667

key=1000000
values=[481788.0, 457982.0, 500734.0]
avg_val=480168.0

key=5000000
values=[322818.0, 306421.0, 306421.0]
avg_val=311886.6666666667

