key=10000
values=[9823657.0, 9677275.0, 9738284.0]
avg_val=9746405.333333334

key=100000
values=[6197740.0, 6238966.0, 6110067.0]
avg_val=6182257.666666667

key=1000000
values=[2036564.0, 2455517.0, 2219716.0]
avg_val=2237265.6666666665

key=8000000
values=[1261943.0, 1469252.0, 1350901.0]
avg_val=1360698.6666666667

