key=10000
values=[1311584.0, 1308434.0, 1316368.0]
avg_val=1312128.6666666667

key=100000
values=[719179.0, 732975.0, 662410.0]
avg_val=704854.6666666666

key=1000000
values=[211319.0, 261718.0, 257577.0]
avg_val=243538.0

key=5000000
values=[164182.0, 169957.0, 176113.0]
avg_val=170084.0

