key=10000
values=[1967412.0, 1962438.0, 1973907.0]
avg_val=1967919.0

key=100000
values=[1078564.0, 1099934.0, 993129.0]
avg_val=1057209.0

key=1000000
values=[317020.0, 392544.0, 386359.0]
avg_val=365307.6666666667

key=5000000
values=[246027.0, 255139.0, 264315.0]
avg_val=255160.33333333334

