key=10000
values=[1072356.0, 1085689.0, 1022511.0]
avg_val=1060185.3333333333

key=100000
values=[76584.0, 106149.0, 114414.0]
avg_val=99049.0

key=1000000
values=[7672.0, 8044.0, 7842.0]
avg_val=7852.666666666667

key=5000000
values=[1189.0, 1190.0, 1122.0]
avg_val=1167.0

