key=10000
values=[10824.0, 10977.0, 10314.0]
avg_val=10705.0

key=100000
values=[777.0, 1075.0, 1157.0]
avg_val=1003.0

key=1000000
values=[77.0, 80.0, 79.0]
avg_val=78.66666666666667

key=5000000
values=[12.0, 11.0, 11.0]
avg_val=11.333333333333334

