key=10000
values=[1805157.0, 1827795.0, 1721141.0]
avg_val=1784697.6666666667

key=100000
values=[128973.0, 178661.0, 192584.0]
avg_val=166739.33333333334

key=1000000
values=[12926.0, 13542.0, 13234.0]
avg_val=13234.0

key=5000000
values=[2004.0, 2002.0, 1893.0]
avg_val=1966.3333333333333

