key=10000
values=[1751707.0, 1626338.0, 1758829.0]
avg_val=1712291.3333333333

key=100000
values=[189698.0, 190918.0, 191203.0]
avg_val=190606.33333333334

key=1000000
values=[4908.0, 5231.0, 4567.0]
avg_val=4902.0

key=5000000
values=[832.0, 726.0, 885.0]
avg_val=814.3333333333334

