key=10000
values=[17703.0, 16396.0, 17730.0]
avg_val=17276.333333333332

key=100000
values=[1907.0, 1930.0, 1916.0]
avg_val=1917.6666666666667

key=1000000
values=[47.0, 53.0, 47.0]
avg_val=49.0

key=5000000
values=[8.0, 8.0, 8.0]
avg_val=8.0

