key=10000
values=[1769410.0, 1642735.0, 1776559.0]
avg_val=1729568.0

key=100000
values=[191605.0, 192848.0, 193119.0]
avg_val=192524.0

key=1000000
values=[4956.0, 5284.0, 4614.0]
avg_val=4951.333333333333

key=5000000
values=[840.0, 734.0, 894.0]
avg_val=822.6666666666666

