key=10000
values=[14205816.0, 14219236.0, 14608855.0]
avg_val=14344635.666666666

key=100000
values=[8846736.0, 8799581.0, 8787435.0]
avg_val=8811250.666666666

key=1000000
values=[4551090.0, 4546175.0, 4524774.0]
avg_val=4540679.666666667

key=8000000
values=[1062667.0, 991668.0, 1181923.0]
avg_val=1078752.6666666667

