key=10000
values=[1652706.0, 1672573.0, 1677937.0]
avg_val=1667738.6666666667

key=100000
values=[1266419.0, 1281376.0, 1273256.0]
avg_val=1273683.6666666667

key=1000000
values=[487591.0, 481976.0, 467962.0]
avg_val=479176.3333333333

key=8000000
values=[294154.0, 277626.0, 278066.0]
avg_val=283282.0

