key=10000
values=[4131717.0, 4181839.0, 4195513.0]
avg_val=4169689.6666666665

key=100000
values=[3165688.0, 3203710.0, 3183346.0]
avg_val=3184248.0

key=1000000
values=[1218260.0, 1204734.0, 1170277.0]
avg_val=1197757.0

key=8000000
values=[735715.0, 693865.0, 694998.0]
avg_val=708192.6666666666

