key=10000
values=[2479011.0, 2509266.0, 2517575.0]
avg_val=2501950.6666666665

key=100000
values=[1899269.0, 1922333.0, 1910089.0]
avg_val=1910563.6666666667

key=1000000
values=[730668.0, 722758.0, 702314.0]
avg_val=718580.0

key=8000000
values=[441560.0, 416238.0, 416932.0]
avg_val=424910.0

