key=10000
values=[916221.0, 926500.0, 919116.0]
avg_val=920612.3333333334

key=100000
values=[75341.0, 77406.0, 75750.0]
avg_val=76165.66666666667

key=1000000
values=[7521.0, 6866.0, 7284.0]
avg_val=7223.666666666667

key=5000000
values=[1037.0, 1232.0, 1064.0]
avg_val=1111.0

