key=10000
values=[9223.0, 9346.0, 9278.0]
avg_val=9282.333333333334

key=100000
values=[760.0, 781.0, 772.0]
avg_val=771.0

key=1000000
values=[75.0, 73.0, 72.0]
avg_val=73.33333333333333

key=5000000
values=[10.0, 11.0, 11.0]
avg_val=10.666666666666666

