key=10000
values=[2313770.0, 2339537.0, 2321092.0]
avg_val=2324799.6666666665

key=100000
values=[190357.0, 195629.0, 191246.0]
avg_val=192410.66666666666

key=1000000
values=[18989.0, 17377.0, 18388.0]
avg_val=18251.333333333332

key=5000000
values=[2638.0, 3096.0, 2680.0]
avg_val=2804.6666666666665

