key=10000
values=[1388325.0, 1403691.0, 1392697.0]
avg_val=1394904.3333333333

key=100000
values=[114256.0, 117441.0, 114723.0]
avg_val=115473.33333333333

key=1000000
values=[11392.0, 10437.0, 11031.0]
avg_val=10953.333333333334

key=5000000
values=[1590.0, 1852.0, 1604.0]
avg_val=1682.0

