key=10000
values=[2160005.0, 2057184.0, 2136777.0]
avg_val=2117988.6666666665

key=100000
values=[1562310.0, 1387093.0, 1406776.0]
avg_val=1452059.6666666667

key=1000000
values=[518383.0, 520684.0, 528859.0]
avg_val=522642.0

key=5000000
values=[306421.0, 323157.0, 309728.0]
avg_val=313102.0

