key=10000
values=[2768800.0, 2745199.0, 2768185.0]
avg_val=2760728.0

key=100000
values=[189190.0, 146678.0, 192698.0]
avg_val=176188.66666666666

key=1000000
values=[7060.0, 6953.0, 7801.0]
avg_val=7271.333333333333

key=5000000
values=[1114.0, 1057.0, 1089.0]
avg_val=1086.6666666666667

