key=10000
values=[28040.0, 27758.0, 27938.0]
avg_val=27912.0

key=100000
values=[1904.0, 1477.0, 1942.0]
avg_val=1774.3333333333333

key=1000000
values=[70.0, 72.0, 78.0]
avg_val=73.33333333333333

key=5000000
values=[10.0, 11.0, 10.0]
avg_val=10.333333333333334

