key=10000
values=[2796841.0, 2772957.0, 2796123.0]
avg_val=2788640.3333333335

key=100000
values=[191095.0, 148155.0, 194640.0]
avg_val=177963.33333333334

key=1000000
values=[7130.0, 7025.0, 7880.0]
avg_val=7345.0

key=5000000
values=[1124.0, 1068.0, 1100.0]
avg_val=1097.3333333333333

