key=10000
values=[2051317.0, 2096728.0, 2078909.0]
avg_val=2075651.3333333333

key=100000
values=[1418385.0, 1496046.0, 1525743.0]
avg_val=1480058.0

key=1000000
values=[605212.0, 606015.0, 556615.0]
avg_val=589280.6666666666

key=5000000
values=[361982.0, 324891.0, 363714.0]
avg_val=350195.6666666667

