key=10000
values=[3419110.0, 3494811.0, 3465343.0]
avg_val=3459754.6666666665

key=100000
values=[2364125.0, 2493103.0, 2543054.0]
avg_val=2466760.6666666665

key=1000000
values=[1008760.0, 1009547.0, 927844.0]
avg_val=982050.3333333334

key=5000000
values=[603206.0, 541392.0, 606263.0]
avg_val=583620.3333333334

