key=10000
values=[1367793.0, 1398082.0, 1386434.0]
avg_val=1384103.0

key=100000
values=[945739.0, 997056.0, 1017310.0]
avg_val=986701.6666666666

key=1000000
values=[403548.0, 403531.0, 371228.0]
avg_val=392769.0

key=5000000
values=[241223.0, 216500.0, 242548.0]
avg_val=233423.66666666666

