key=10000
values=[1362603.0, 1340553.0, 1356487.0]
avg_val=1353214.3333333333

key=100000
values=[185631.0, 135214.0, 171721.0]
avg_val=164188.66666666666

key=1000000
values=[5083.0, 3845.0, 4567.0]
avg_val=4498.333333333333

key=5000000
values=[962.0, 762.0, 887.0]
avg_val=870.3333333333334

