key=10000
values=[13757.0, 13526.0, 13731.0]
avg_val=13671.333333333334

key=100000
values=[1883.0, 1370.0, 1732.0]
avg_val=1661.6666666666667

key=1000000
values=[52.0, 40.0, 47.0]
avg_val=46.333333333333336

key=5000000
values=[8.0, 8.0, 8.0]
avg_val=8.0

