key=10000
values=[2293926.0, 2256841.0, 2284079.0]
avg_val=2278282.0

key=100000
values=[312456.0, 227601.0, 288993.0]
avg_val=276350.0

key=1000000
values=[8553.0, 6470.0, 7671.0]
avg_val=7564.666666666667

key=5000000
values=[1616.0, 1283.0, 1495.0]
avg_val=1464.6666666666667

