key=10000
values=[917564.0, 902761.0, 913860.0]
avg_val=911395.0

key=100000
values=[124941.0, 91016.0, 115539.0]
avg_val=110498.66666666667

key=1000000
values=[3416.0, 2584.0, 3055.0]
avg_val=3018.3333333333335

key=5000000
values=[645.0, 512.0, 599.0]
avg_val=585.3333333333334

