key=10000
values=[3387224.0, 3378128.0, 3406963.0]
avg_val=3390771.6666666665

key=100000
values=[1904554.0, 1780629.0, 1797546.0]
avg_val=1827576.3333333333

key=1000000
values=[866413.0, 829456.0, 852722.0]
avg_val=849530.3333333334

key=5000000
values=[588786.0, 524293.0, 541682.0]
avg_val=551587.0

