key=10000
values=[2032027.0, 2026768.0, 2044061.0]
avg_val=2034285.3333333333

key=100000
values=[1142838.0, 1068260.0, 1078683.0]
avg_val=1096593.6666666667

key=1000000
values=[519902.0, 497650.0, 511673.0]
avg_val=509741.6666666667

key=5000000
values=[353303.0, 314477.0, 324996.0]
avg_val=330925.3333333333

