key=10000
values=[5456934.0, 5520929.0, 5475005.0]
avg_val=5484289.333333333

key=100000
values=[266132.0, 297481.0, 302615.0]
avg_val=288742.6666666667

key=1000000
values=[9257.0, 11036.0, 9447.0]
avg_val=9913.333333333334

key=5000000
values=[1673.0, 1495.0, 1578.0]
avg_val=1582.0

