key=10000
values=[55124.0, 55779.0, 55343.0]
avg_val=55415.333333333336

key=100000
values=[2680.0, 2985.0, 3037.0]
avg_val=2900.6666666666665

key=1000000
values=[92.0, 116.0, 94.0]
avg_val=100.66666666666667

key=5000000
values=[17.0, 14.0, 15.0]
avg_val=15.333333333333334

