key=10000
values=[5512058.0, 5576709.0, 5530349.0]
avg_val=5539705.333333333

key=100000
values=[268812.0, 300467.0, 305653.0]
avg_val=291644.0

key=1000000
values=[9349.0, 11152.0, 9542.0]
avg_val=10014.333333333334

key=5000000
values=[1690.0, 1510.0, 1593.0]
avg_val=1597.6666666666667

