key=10000
values=[888258.0, 890748.0, 869342.0]
avg_val=882782.6666666666

key=100000
values=[70103.0, 76907.0, 104541.0]
avg_val=83850.33333333333

key=1000000
values=[8954.0, 8263.0, 7839.0]
avg_val=8352.0

key=5000000
values=[1199.0, 1253.0, 1217.0]
avg_val=1223.0

