key=10000
values=[8965.0, 9034.0, 8781.0]
avg_val=8926.666666666666

key=100000
values=[708.0, 779.0, 1060.0]
avg_val=849.0

key=1000000
values=[88.0, 81.0, 78.0]
avg_val=82.33333333333333

key=5000000
values=[11.0, 11.0, 12.0]
avg_val=11.333333333333334

