key=10000
values=[2242252.0, 2249272.0, 2195724.0]
avg_val=2229082.6666666665

key=100000
values=[177075.0, 194041.0, 263910.0]
avg_val=211675.33333333334

key=1000000
values=[22558.0, 20870.0, 19790.0]
avg_val=21072.666666666668

key=5000000
values=[3037.0, 3157.0, 3072.0]
avg_val=3088.6666666666665

