key=10000
values=[1345029.0, 1349488.0, 1317600.0]
avg_val=1337372.3333333333

key=100000
values=[106263.0, 116353.0, 158308.0]
avg_val=126974.66666666667

key=1000000
values=[13514.0, 12524.0, 11872.0]
avg_val=12636.666666666666

key=5000000
values=[1827.0, 1893.0, 1841.0]
avg_val=1853.6666666666667

