key=10000
values=[28992.0, 28370.0, 28519.0]
avg_val=28627.0

key=100000
values=[2445.0, 2961.0, 2221.0]
avg_val=2542.3333333333335

key=1000000
values=[74.0, 93.0, 83.0]
avg_val=83.33333333333333

key=5000000
values=[10.0, 11.0, 10.0]
avg_val=10.333333333333334

