key=10000
values=[2892926.0, 2830591.0, 2853817.0]
avg_val=2859111.3333333335

key=100000
values=[244844.0, 296991.0, 220634.0]
avg_val=254156.33333333334

key=1000000
values=[7662.0, 9290.0, 8344.0]
avg_val=8432.0

key=5000000
values=[991.0, 1082.0, 885.0]
avg_val=986.0

