key=10000
values=[1184140.0, 1214957.0, 1195314.0]
avg_val=1198137.0

key=100000
values=[100758.0, 108105.0, 119709.0]
avg_val=109524.0

key=1000000
values=[9536.0, 9720.0, 9869.0]
avg_val=9708.333333333334

key=5000000
values=[1429.0, 1223.0, 1261.0]
avg_val=1304.3333333333333

