key=10000
values=[11976.0, 12259.0, 12084.0]
avg_val=12106.333333333334

key=100000
values=[1009.0, 1078.0, 1204.0]
avg_val=1097.0

key=1000000
values=[98.0, 95.0, 97.0]
avg_val=96.66666666666667

key=5000000
values=[14.0, 13.0, 13.0]
avg_val=13.333333333333334

