key=10000
values=[1993575.0, 2045181.0, 2012569.0]
avg_val=2017108.3333333333

key=100000
values=[169719.0, 182014.0, 201612.0]
avg_val=184448.33333333334

key=1000000
values=[16059.0, 16394.0, 16594.0]
avg_val=16349.0

key=5000000
values=[2396.0, 2063.0, 2125.0]
avg_val=2194.6666666666665

