key=10000
values=[797457.0, 817964.0, 805170.0]
avg_val=806863.6666666666

key=100000
values=[67951.0, 72831.0, 80698.0]
avg_val=73826.66666666667

key=1000000
values=[6424.0, 6578.0, 6627.0]
avg_val=6543.0

key=5000000
values=[953.0, 826.0, 850.0]
avg_val=876.3333333333334

