key=10000
values=[1411235.0, 1416620.0, 1399581.0]
avg_val=1409145.3333333333

key=100000
values=[187141.0, 188599.0, 175990.0]
avg_val=183910.0

key=1000000
values=[5082.0, 3707.0, 5344.0]
avg_val=4711.0

key=5000000
values=[858.0, 733.0, 813.0]
avg_val=801.3333333333334

