key=10000
values=[14293.0, 14270.0, 14176.0]
avg_val=14246.333333333334

key=100000
values=[1883.0, 1911.0, 1780.0]
avg_val=1858.0

key=1000000
values=[52.0, 37.0, 54.0]
avg_val=47.666666666666664

key=5000000
values=[8.0, 7.0, 8.0]
avg_val=7.666666666666667

