key=10000
values=[2376203.0, 2384829.0, 2356544.0]
avg_val=2372525.3333333335

key=100000
values=[315203.0, 317328.0, 296263.0]
avg_val=309598.0

key=1000000
values=[8500.0, 6243.0, 9002.0]
avg_val=7915.0

key=5000000
values=[1450.0, 1234.0, 1367.0]
avg_val=1350.3333333333333

