key=10000
values=[863160.0, 874503.0, 865471.0]
avg_val=867711.3333333334

key=100000
values=[555528.0, 505782.0, 526796.0]
avg_val=529368.6666666666

key=1000000
values=[262684.0, 261356.0, 264447.0]
avg_val=262829.0

key=5000000
values=[144726.0, 169138.0, 183433.0]
avg_val=165765.66666666666

