key=10000
values=[2158608.0, 2187169.0, 2163771.0]
avg_val=2169849.3333333335

key=100000
values=[1388864.0, 1264480.0, 1316812.0]
avg_val=1323385.3333333333

key=1000000
values=[656586.0, 653364.0, 660942.0]
avg_val=656964.0

key=5000000
values=[361783.0, 423106.0, 458579.0]
avg_val=414489.3333333333

