key=10000
values=[1295447.0, 1312665.0, 1298300.0]
avg_val=1302137.3333333333

key=100000
values=[833335.0, 758697.0, 790016.0]
avg_val=794016.0

key=1000000
values=[393902.0, 392008.0, 396494.0]
avg_val=394134.6666666667

key=5000000
values=[217056.0, 253967.0, 275145.0]
avg_val=248722.66666666666

