key=10000
values=[22930844.0, 22512685.0, 22864275.0]
avg_val=22769268.0

key=100000
values=[15947668.0, 15734998.0, 15833319.0]
avg_val=15838661.666666666

key=1000000
values=[4384996.0, 4573216.0, 4636997.0]
avg_val=4531736.333333333

key=8000000
values=[1222586.0, 1035170.0, 1235064.0]
avg_val=1164273.3333333333

