key=10000
values=[2237364.0, 2211519.0, 2126873.0]
avg_val=2191918.6666666665

key=100000
values=[1258100.0, 1272041.0, 1226243.0]
avg_val=1252128.0

key=1000000
values=[491178.0, 473372.0, 430539.0]
avg_val=465029.6666666667

key=5000000
values=[289350.0, 299161.0, 300962.0]
avg_val=296491.0

