key=10000
values=[1774135.0, 1793598.0, 1797389.0]
avg_val=1788374.0

key=100000
values=[192114.0, 189988.0, 200944.0]
avg_val=194348.66666666666

key=1000000
values=[5051.0, 5478.0, 5471.0]
avg_val=5333.333333333333

key=5000000
values=[719.0, 912.0, 834.0]
avg_val=821.6666666666666

