key=10000
values=[17931.0, 18080.0, 18122.0]
avg_val=18044.333333333332

key=100000
values=[1930.0, 1921.0, 2017.0]
avg_val=1956.0

key=1000000
values=[53.0, 53.0, 56.0]
avg_val=54.0

key=5000000
values=[8.0, 9.0, 8.0]
avg_val=8.333333333333334

