key=10000
values=[1792066.0, 1811679.0, 1815511.0]
avg_val=1806418.6666666667

key=100000
values=[194045.0, 191910.0, 202961.0]
avg_val=196305.33333333334

key=1000000
values=[5104.0, 5531.0, 5528.0]
avg_val=5387.666666666667

key=5000000
values=[727.0, 921.0, 842.0]
avg_val=830.0

