key=10000
values=[3181203.0, 3192335.0, 3186285.0]
avg_val=3186607.6666666665

key=100000
values=[1961652.0, 1923007.0, 1972944.0]
avg_val=1952534.3333333333

key=1000000
values=[717731.0, 849961.0, 833321.0]
avg_val=800337.6666666666

key=5000000
values=[415632.0, 344164.0, 353219.0]
avg_val=371005.0

