key=10000
values=[1568888.0, 1591003.0, 1554486.0]
avg_val=1571459.0

key=100000
values=[1230178.0, 1217314.0, 1235450.0]
avg_val=1227647.3333333333

key=1000000
values=[506072.0, 501140.0, 508142.0]
avg_val=505118.0

key=5000000
values=[260366.0, 273891.0, 276837.0]
avg_val=270364.6666666667

