key=10000
values=[3921808.0, 3977208.0, 3886174.0]
avg_val=3928396.6666666665

key=100000
values=[3076025.0, 3044936.0, 3087590.0]
avg_val=3069517.0

key=1000000
values=[1264943.0, 1253361.0, 1270420.0]
avg_val=1262908.0

key=5000000
values=[651024.0, 684460.0, 691936.0]
avg_val=675806.6666666666

