key=10000
values=[2352919.0, 2386205.0, 2331687.0]
avg_val=2356937.0

key=100000
values=[1845846.0, 1827622.0, 1852140.0]
avg_val=1841869.3333333333

key=1000000
values=[758871.0, 752221.0, 762277.0]
avg_val=757789.6666666666

key=5000000
values=[390658.0, 410568.0, 415099.0]
avg_val=405441.6666666667

