key=10000
values=[3858648.0, 3811006.0, 3719537.0]
avg_val=3796397.0

key=100000
values=[2615860.0, 2594521.0, 2547402.0]
avg_val=2585927.6666666665

key=1000000
values=[1390350.0, 1431813.0, 1359874.0]
avg_val=1394012.3333333333

key=8000000
values=[633146.0, 519671.0, 602936.0]
avg_val=585251.0

