key=10000
values=[9645877.0, 9528397.0, 9299625.0]
avg_val=9491299.666666666

key=100000
values=[6538701.0, 6486164.0, 6369112.0]
avg_val=6464659.0

key=1000000
values=[3476041.0, 3580627.0, 3399866.0]
avg_val=3485511.3333333335

key=8000000
values=[1582775.0, 1298873.0, 1507212.0]
avg_val=1462953.3333333333

