key=10000
values=[5787228.0, 5717390.0, 5580088.0]
avg_val=5694902.0

key=100000
values=[3922841.0, 3891643.0, 3821709.0]
avg_val=3878731.0

key=1000000
values=[2085691.0, 2148813.0, 2039991.0]
avg_val=2091498.3333333333

key=8000000
values=[949628.0, 779201.0, 904275.0]
avg_val=877701.3333333334

