key=10000
values=[1728609.0, 1755622.0, 1789909.0]
avg_val=1758046.6666666667

key=100000
values=[202102.0, 195883.0, 197147.0]
avg_val=198377.33333333334

key=1000000
values=[5297.0, 5386.0, 4987.0]
avg_val=5223.333333333333

key=5000000
values=[761.0, 961.0, 904.0]
avg_val=875.3333333333334

