key=10000
values=[17492.0, 17729.0, 18079.0]
avg_val=17766.666666666668

key=100000
values=[2043.0, 1971.0, 1999.0]
avg_val=2004.3333333333333

key=1000000
values=[54.0, 52.0, 48.0]
avg_val=51.333333333333336

key=5000000
values=[8.0, 9.0, 9.0]
avg_val=8.666666666666666

