key=10000
values=[1746102.0, 1773352.0, 1807988.0]
avg_val=1775814.0

key=100000
values=[204146.0, 197855.0, 199146.0]
avg_val=200382.33333333334

key=1000000
values=[5352.0, 5438.0, 5036.0]
avg_val=5275.333333333333

key=5000000
values=[769.0, 970.0, 913.0]
avg_val=884.0

