key=10000
values=[1235681.0, 1228165.0, 1236003.0]
avg_val=1233283.0

key=100000
values=[89416.0, 127766.0, 91787.0]
avg_val=102989.66666666667

key=1000000
values=[12023.0, 11596.0, 10147.0]
avg_val=11255.333333333334

key=5000000
values=[1435.0, 1749.0, 1455.0]
avg_val=1546.3333333333333

