key=10000
values=[2080559.0, 2067581.0, 2080747.0]
avg_val=2076295.6666666667

key=100000
values=[150619.0, 214929.0, 154529.0]
avg_val=173359.0

key=1000000
values=[20256.0, 19511.0, 17096.0]
avg_val=18954.333333333332

key=5000000
values=[2416.0, 2940.0, 2452.0]
avg_val=2602.6666666666665

