key=10000
values=[832402.0, 827029.0, 832289.0]
avg_val=830573.3333333334

key=100000
values=[60299.0, 85876.0, 61828.0]
avg_val=69334.33333333333

key=1000000
values=[8109.0, 7799.0, 6844.0]
avg_val=7584.0

key=5000000
values=[964.0, 1173.0, 981.0]
avg_val=1039.3333333333333

