key=10000
values=[979970.0, 955031.0, 970100.0]
avg_val=968367.0

key=100000
values=[480240.0, 475618.0, 523270.0]
avg_val=493042.6666666667

key=1000000
values=[268724.0, 279446.0, 262664.0]
avg_val=270278.0

key=5000000
values=[180353.0, 192134.0, 165189.0]
avg_val=179225.33333333334

