key=10000
values=[2449960.0, 2387519.0, 2425133.0]
avg_val=2420870.6666666665

key=100000
values=[1200958.0, 1189230.0, 1308437.0]
avg_val=1232875.0

key=1000000
values=[671524.0, 698961.0, 656462.0]
avg_val=675649.0

key=5000000
values=[451094.0, 480406.0, 413045.0]
avg_val=448181.6666666667

