key=10000
values=[1469990.0, 1432488.0, 1455032.0]
avg_val=1452503.3333333333

key=100000
values=[720718.0, 713611.0, 785166.0]
avg_val=739831.6666666666

key=1000000
values=[402799.0, 419514.0, 393798.0]
avg_val=405370.3333333333

key=5000000
values=[270740.0, 288272.0, 247856.0]
avg_val=268956.0

