key=10000
values=[1425997.0, 1413245.0, 1422734.0]
avg_val=1420658.6666666667

key=100000
values=[158795.0, 177396.0, 175917.0]
avg_val=170702.66666666666

key=1000000
values=[4837.0, 4480.0, 4694.0]
avg_val=4670.333333333333

key=5000000
values=[705.0, 877.0, 787.0]
avg_val=789.6666666666666

