key=10000
values=[14415.0, 14273.0, 14349.0]
avg_val=14345.666666666666

key=100000
values=[1616.0, 1800.0, 1772.0]
avg_val=1729.3333333333333

key=1000000
values=[50.0, 44.0, 48.0]
avg_val=47.333333333333336

key=5000000
values=[7.0, 8.0, 8.0]
avg_val=7.666666666666667

