key=10000
values=[2400535.0, 2378738.0, 2394992.0]
avg_val=2391421.6666666665

key=100000
values=[267280.0, 298682.0, 296249.0]
avg_val=287403.6666666667

key=1000000
values=[8167.0, 7538.0, 7899.0]
avg_val=7868.0

key=5000000
values=[1184.0, 1472.0, 1326.0]
avg_val=1327.3333333333333

