key=10000
values=[960122.0, 951219.0, 957908.0]
avg_val=956416.3333333334

key=100000
values=[106868.0, 119486.0, 118559.0]
avg_val=114971.0

key=1000000
values=[3279.0, 3013.0, 3156.0]
avg_val=3149.3333333333335

key=5000000
values=[470.0, 587.0, 530.0]
avg_val=529.0

