key=10000
values=[1206165.0, 1243864.0, 1240597.0]
avg_val=1230208.6666666667

key=100000
values=[143944.0, 119013.0, 102757.0]
avg_val=121904.66666666667

key=1000000
values=[8974.0, 8371.0, 8802.0]
avg_val=8715.666666666666

key=5000000
values=[1196.0, 1188.0, 1055.0]
avg_val=1146.3333333333333

