key=10000
values=[12194.0, 12564.0, 12534.0]
avg_val=12430.666666666666

key=100000
values=[1452.0, 1199.0, 1030.0]
avg_val=1227.0

key=1000000
values=[89.0, 85.0, 84.0]
avg_val=86.0

key=5000000
values=[11.0, 12.0, 12.0]
avg_val=11.666666666666666

