key=10000
values=[2030743.0, 2093698.0, 2088290.0]
avg_val=2070910.3333333333

key=100000
values=[242223.0, 200316.0, 172990.0]
avg_val=205176.33333333334

key=1000000
values=[15113.0, 14112.0, 14824.0]
avg_val=14683.0

key=5000000
values=[2000.0, 1990.0, 1786.0]
avg_val=1925.3333333333333

