key=10000
values=[812384.0, 837269.0, 835158.0]
avg_val=828270.3333333334

key=100000
values=[96826.0, 80103.0, 69203.0]
avg_val=82044.0

key=1000000
values=[6050.0, 5655.0, 5936.0]
avg_val=5880.333333333333

key=5000000
values=[792.0, 790.0, 718.0]
avg_val=766.6666666666666

