key=10000
values=[17634.0, 17465.0, 16783.0]
avg_val=17294.0

key=100000
values=[2018.0, 1907.0, 1931.0]
avg_val=1952.0

key=1000000
values=[55.0, 51.0, 52.0]
avg_val=52.666666666666664

key=5000000
values=[9.0, 8.0, 8.0]
avg_val=8.333333333333334

