key=10000
values=[1762635.0, 1749759.0, 1681963.0]
avg_val=1731452.3333333333

key=100000
values=[202850.0, 191946.0, 194017.0]
avg_val=196271.0

key=1000000
values=[5710.0, 5051.0, 4877.0]
avg_val=5212.666666666667

key=5000000
values=[812.0, 808.0, 911.0]
avg_val=843.6666666666666

