key=10000
values=[46168233.0, 43510723.0, 47019958.0]
avg_val=45566304.666666664

key=100000
values=[43283610.0, 47190699.0, 47499029.0]
avg_val=45991112.666666664

key=1000000
values=[44866833.0, 44234241.0, 43768760.0]
avg_val=44289944.666666664

