key=10000
values=[11352486.0, 11582400.0, 11490817.0]
avg_val=11475234.333333334

key=100000
values=[9002482.0, 8774491.0, 9031985.0]
avg_val=8936319.333333334

key=1000000
values=[1930571.0, 2013631.0, 2180770.0]
avg_val=2041657.3333333333

key=8000000
values=[911646.0, 877498.0, 960943.0]
avg_val=916695.6666666666

