key=10000
values=[1545285.0, 1521864.0, 1526717.0]
avg_val=1531288.6666666667

key=100000
values=[1168777.0, 1143034.0, 1257715.0]
avg_val=1189842.0

key=1000000
values=[684106.0, 708780.0, 734929.0]
avg_val=709271.6666666666

key=5000000
values=[321185.0, 323141.0, 329663.0]
avg_val=324663.0

