key=10000
values=[13569940.0, 13438418.0, 13624858.0]
avg_val=13544405.333333334

key=100000
values=[13560917.0, 13147408.0, 13590472.0]
avg_val=13432932.333333334

key=1000000
values=[13319813.0, 13471936.0, 13275557.0]
avg_val=13355768.666666666

