key=10000
values=[20355738.0, 20156135.0, 20437892.0]
avg_val=20316588.333333332

key=100000
values=[20342201.0, 19722212.0, 20385906.0]
avg_val=20150106.333333332

key=1000000
values=[19976900.0, 20206499.0, 19910655.0]
avg_val=20031351.333333332

