key=10000
values=[6807116.0, 6839071.0, 6782637.0]
avg_val=6809608.0

key=100000
values=[4673731.0, 4531948.0, 4700396.0]
avg_val=4635358.333333333

key=1000000
values=[1330594.0, 1294357.0, 1256002.0]
avg_val=1293651.0

key=8000000
values=[827561.0, 823957.0, 901391.0]
avg_val=850969.6666666666

