key=10000
values=[1986182.0, 1954168.0, 1963673.0]
avg_val=1968007.6666666667

key=100000
values=[1677395.0, 1646526.0, 1643975.0]
avg_val=1655965.3333333333

key=1000000
values=[646170.0, 670669.0, 662979.0]
avg_val=659939.3333333334

key=5000000
values=[331277.0, 329449.0, 345330.0]
avg_val=335352.0

