key=10000
values=[3310170.0, 3256466.0, 3273079.0]
avg_val=3279905.0

key=100000
values=[2795754.0, 2744532.0, 2740037.0]
avg_val=2760107.6666666665

key=1000000
values=[1077477.0, 1117742.0, 1104645.0]
avg_val=1099954.6666666667

key=5000000
values=[552286.0, 549181.0, 575752.0]
avg_val=559073.0

