key=10000
values=[1323988.0, 1302297.0, 1309406.0]
avg_val=1311897.0

key=100000
values=[1118359.0, 1098006.0, 1096062.0]
avg_val=1104142.3333333333

key=1000000
values=[431307.0, 447073.0, 441665.0]
avg_val=440015.0

key=5000000
values=[221009.0, 219732.0, 230421.0]
avg_val=223720.66666666666

