key=10000
values=[21163.0, 18889.0, 20514.0]
avg_val=20188.666666666668

key=100000
values=[2358.0, 2104.0, 2043.0]
avg_val=2168.3333333333335

key=1000000
values=[120.0, 123.0, 95.0]
avg_val=112.66666666666667

key=5000000
values=[16.0, 17.0, 15.0]
avg_val=16.0

