key=10000
values=[3529326.0, 3150241.0, 3417992.0]
avg_val=3365853.0

key=100000
values=[395000.0, 351887.0, 342079.0]
avg_val=362988.6666666667

key=1000000
values=[20953.0, 20631.0, 16100.0]
avg_val=19228.0

key=5000000
values=[2851.0, 2792.0, 2693.0]
avg_val=2778.6666666666665

