key=10000
values=[1411923.0, 1260171.0, 1366864.0]
avg_val=1346319.3333333333

key=100000
values=[158073.0, 140638.0, 136750.0]
avg_val=145153.66666666666

key=1000000
values=[8361.0, 8252.0, 6418.0]
avg_val=7677.0

key=5000000
values=[1144.0, 1122.0, 1077.0]
avg_val=1114.3333333333333

