key=10000
values=[3159713.0, 3039697.0, 3031808.0]
avg_val=3077072.6666666665

key=100000
values=[2103156.0, 2078994.0, 2079172.0]
avg_val=2087107.3333333333

key=1000000
values=[955132.0, 710902.0, 834785.0]
avg_val=833606.3333333334

key=8000000
values=[430958.0, 514448.0, 492847.0]
avg_val=479417.6666666667

