key=10000
values=[4739506.0, 4558741.0, 4548327.0]
avg_val=4615524.666666667

key=100000
values=[3156059.0, 3117595.0, 3119074.0]
avg_val=3130909.3333333335

key=1000000
values=[1432669.0, 1066279.0, 1252727.0]
avg_val=1250558.3333333333

key=8000000
values=[646169.0, 770749.0, 739187.0]
avg_val=718701.6666666666

