key=10000
values=[1265937.0, 1267964.0, 1263747.0]
avg_val=1265882.6666666667

key=100000
values=[908606.0, 853636.0, 883869.0]
avg_val=882037.0

key=1000000
values=[464690.0, 527546.0, 538807.0]
avg_val=510347.6666666667

key=5000000
values=[281170.0, 263909.0, 263845.0]
avg_val=269641.3333333333

