key=10000
values=[2110360.0, 2113199.0, 2106528.0]
avg_val=2110029.0

key=100000
values=[1514566.0, 1422801.0, 1472772.0]
avg_val=1470046.3333333333

key=1000000
values=[774601.0, 879363.0, 898008.0]
avg_val=850657.3333333334

key=5000000
values=[468533.0, 439818.0, 439575.0]
avg_val=449308.6666666667

