key=10000
values=[844422.0, 845235.0, 842780.0]
avg_val=844145.6666666666

key=100000
values=[605960.0, 569165.0, 588903.0]
avg_val=588009.3333333334

key=1000000
values=[309910.0, 351817.0, 359200.0]
avg_val=340309.0

key=5000000
values=[187363.0, 175908.0, 175730.0]
avg_val=179667.0

