key=10000
values=[20574482.0, 20562809.0, 20420103.0]
avg_val=20519131.333333332

key=100000
values=[8688825.0, 8748289.0, 8834883.0]
avg_val=8757332.333333334

key=1000000
values=[3307145.0, 3260081.0, 3049427.0]
avg_val=3205551.0

key=8000000
values=[913083.0, 933086.0, 990199.0]
avg_val=945456.0

