key=10000
values=[1249494.0, 1256848.0, 1235533.0]
avg_val=1247291.6666666667

key=100000
values=[119150.0, 104114.0, 78993.0]
avg_val=100752.33333333333

key=1000000
values=[10055.0, 10897.0, 10475.0]
avg_val=10475.666666666666

key=5000000
values=[1267.0, 1890.0, 1786.0]
avg_val=1647.6666666666667

