key=10000
values=[2103797.0, 2115821.0, 2079545.0]
avg_val=2099721.0

key=100000
values=[200560.0, 175258.0, 132935.0]
avg_val=169584.33333333334

key=1000000
values=[16925.0, 18300.0, 17609.0]
avg_val=17611.333333333332

key=5000000
values=[2126.0, 3187.0, 2990.0]
avg_val=2767.6666666666665

