key=10000
values=[841702.0, 846282.0, 831508.0]
avg_val=839830.6666666666

key=100000
values=[80212.0, 70093.0, 53133.0]
avg_val=67812.66666666667

key=1000000
values=[6768.0, 7294.0, 7032.0]
avg_val=7031.333333333333

key=5000000
values=[843.0, 1277.0, 1187.0]
avg_val=1102.3333333333333

