key=10000
values=[1567317.0, 1550674.0, 1549505.0]
avg_val=1555832.0

key=100000
values=[1350552.0, 1316571.0, 1268965.0]
avg_val=1312029.3333333333

key=1000000
values=[788824.0, 678877.0, 775338.0]
avg_val=747679.6666666666

key=5000000
values=[353296.0, 332391.0, 295715.0]
avg_val=327134.0

