key=10000
values=[10203241.0, 10217877.0, 10203620.0]
avg_val=10208246.0

key=100000
values=[6558437.0, 6582515.0, 6433261.0]
avg_val=6524737.666666667

key=1000000
values=[2845270.0, 2591954.0, 2646815.0]
avg_val=2694679.6666666665

key=8000000
values=[1172881.0, 1246653.0, 1214560.0]
avg_val=1211364.6666666667

