key=10000
values=[994559.0, 977525.0, 969733.0]
avg_val=980605.6666666666

key=100000
values=[546601.0, 544912.0, 533404.0]
avg_val=541639.0

key=1000000
values=[278032.0, 286912.0, 286413.0]
avg_val=283785.6666666667

key=5000000
values=[205229.0, 175810.0, 205637.0]
avg_val=195558.66666666666

