key=10000
values=[2485582.0, 2444749.0, 2424216.0]
avg_val=2451515.6666666665

key=100000
values=[1366171.0, 1362335.0, 1333642.0]
avg_val=1354049.3333333333

key=1000000
values=[695280.0, 717141.0, 716128.0]
avg_val=709516.3333333334

key=5000000
values=[513410.0, 439574.0, 513970.0]
avg_val=488984.6666666667

