key=10000
values=[1491023.0, 1467224.0, 1454483.0]
avg_val=1470910.0

key=100000
values=[819569.0, 817422.0, 800237.0]
avg_val=812409.3333333334

key=1000000
values=[417248.0, 430228.0, 429715.0]
avg_val=425730.3333333333

key=5000000
values=[308181.0, 263764.0, 308333.0]
avg_val=293426.0

