key=10000
values=[1569087.0, 1581173.0, 1586508.0]
avg_val=1578922.6666666667

key=100000
values=[871934.0, 861099.0, 863034.0]
avg_val=865355.6666666666

key=1000000
values=[318598.0, 327814.0, 316154.0]
avg_val=320855.3333333333

key=8000000
values=[181455.0, 181013.0, 180974.0]
avg_val=181147.33333333334

