key=10000
values=[3922919.0, 3952151.0, 3967458.0]
avg_val=3947509.3333333335

key=100000
values=[2179763.0, 2151779.0, 2157671.0]
avg_val=2163071.0

key=1000000
values=[796471.0, 819806.0, 789881.0]
avg_val=802052.6666666666

key=8000000
values=[453542.0, 452656.0, 452493.0]
avg_val=452897.0

