key=10000
values=[2353831.0, 2370978.0, 2380949.0]
avg_val=2368586.0

key=100000
values=[1307829.0, 1290680.0, 1294636.0]
avg_val=1297715.0

key=1000000
values=[477873.0, 491991.0, 473726.0]
avg_val=481196.6666666667

key=8000000
values=[272087.0, 271642.0, 271519.0]
avg_val=271749.3333333333

