key=10000
values=[10412.0, 10402.0, 10399.0]
avg_val=10404.333333333334

key=100000
values=[818.0, 1141.0, 866.0]
avg_val=941.6666666666666

key=1000000
values=[94.0, 93.0, 90.0]
avg_val=92.33333333333333

key=5000000
values=[13.0, 13.0, 11.0]
avg_val=12.333333333333334

