key=10000
values=[2598457.0, 2603980.0, 2601505.0]
avg_val=2601314.0

key=100000
values=[204423.0, 285287.0, 218435.0]
avg_val=236048.33333333334

key=1000000
values=[23456.0, 22724.0, 22997.0]
avg_val=23059.0

key=5000000
values=[3420.0, 2990.0, 2969.0]
avg_val=3126.3333333333335

