key=10000
values=[1558899.0, 1562354.0, 1560850.0]
avg_val=1560701.0

key=100000
values=[122676.0, 171128.0, 131127.0]
avg_val=141643.66666666666

key=1000000
values=[14094.0, 13624.0, 13794.0]
avg_val=13837.333333333334

key=5000000
values=[2031.0, 1797.0, 1782.0]
avg_val=1870.0

