key=10000
values=[11467224.0, 11773487.0, 11901057.0]
avg_val=11713922.666666666

key=100000
values=[7534783.0, 7415422.0, 7451395.0]
avg_val=7467200.0

key=1000000
values=[3746868.0, 3531284.0, 3640971.0]
avg_val=3639707.6666666665

key=8000000
values=[1046187.0, 928163.0, 1050193.0]
avg_val=1008181.0

