key=10000
values=[12696.0, 12677.0, 12949.0]
avg_val=12774.0

key=100000
values=[1675.0, 1552.0, 1589.0]
avg_val=1605.3333333333333

key=1000000
values=[51.0, 37.0, 36.0]
avg_val=41.333333333333336

key=5000000
values=[7.0, 7.0, 8.0]
avg_val=7.333333333333333

