key=10000
values=[3166431.0, 3183524.0, 3224255.0]
avg_val=3191403.3333333335

key=100000
values=[418573.0, 387951.0, 396685.0]
avg_val=401069.6666666667

key=1000000
values=[12913.0, 9862.0, 8728.0]
avg_val=10501.0

key=5000000
values=[2083.0, 1793.0, 2199.0]
avg_val=2025.0

