key=10000
values=[3355444.0, 3337368.0, 3311576.0]
avg_val=3334796.0

key=100000
values=[2636665.0, 2504294.0, 2598256.0]
avg_val=2579738.3333333335

key=1000000
values=[940773.0, 807114.0, 799477.0]
avg_val=849121.3333333334

key=5000000
values=[420960.0, 413528.0, 372365.0]
avg_val=402284.3333333333

