key=10000
values=[1663123.0, 1661585.0, 1664356.0]
avg_val=1663021.3333333333

key=100000
values=[1036233.0, 1033540.0, 1035467.0]
avg_val=1035080.0

key=1000000
values=[410686.0, 410197.0, 440443.0]
avg_val=420442.0

key=8000000
values=[206786.0, 202829.0, 183853.0]
avg_val=197822.66666666666

