key=10000
values=[4157673.0, 4153936.0, 4160112.0]
avg_val=4157240.3333333335

key=100000
values=[2591304.0, 2584880.0, 2588387.0]
avg_val=2588190.3333333335

key=1000000
values=[1026614.0, 1025273.0, 1101576.0]
avg_val=1051154.3333333333

key=8000000
values=[517245.0, 507261.0, 459612.0]
avg_val=494706.0

