key=10000
values=[2494549.0, 2492350.0, 2495756.0]
avg_val=2494218.3333333335

key=100000
values=[1555071.0, 1551339.0, 1552919.0]
avg_val=1553109.6666666667

key=1000000
values=[615928.0, 615076.0, 661133.0]
avg_val=630712.3333333334

key=8000000
values=[310459.0, 304432.0, 275758.0]
avg_val=296883.0

