key=10000
values=[2875073.0, 2878447.0, 2806430.0]
avg_val=2853316.6666666665

key=100000
values=[320320.0, 297839.0, 238539.0]
avg_val=285566.0

key=1000000
values=[6952.0, 6831.0, 8790.0]
avg_val=7524.333333333333

key=5000000
values=[1137.0, 1207.0, 1076.0]
avg_val=1140.0

