key=10000
values=[29028.0, 29131.0, 28336.0]
avg_val=28831.666666666668

key=100000
values=[3246.0, 3009.0, 2388.0]
avg_val=2881.0

key=1000000
values=[70.0, 70.0, 87.0]
avg_val=75.66666666666667

key=5000000
values=[11.0, 11.0, 10.0]
avg_val=10.666666666666666

