key=10000
values=[11762187.0, 11728048.0, 11632671.0]
avg_val=11707635.333333334

key=100000
values=[7672633.0, 7590414.0, 7561765.0]
avg_val=7608270.666666667

key=1000000
values=[4453599.0, 4547984.0, 4571409.0]
avg_val=4524330.666666667

key=8000000
values=[1649335.0, 1353712.0, 1689692.0]
avg_val=1564246.3333333333

