key=10000
values=[1459590.0, 1448124.0, 1455155.0]
avg_val=1454289.6666666667

key=100000
values=[1065917.0, 1057034.0, 1080397.0]
avg_val=1067782.6666666667

key=1000000
values=[643086.0, 618929.0, 624860.0]
avg_val=628958.3333333334

key=5000000
values=[315646.0, 279121.0, 276554.0]
avg_val=290440.3333333333

