key=10000
values=[2432762.0, 2413610.0, 2425048.0]
avg_val=2423806.6666666665

key=100000
values=[1776793.0, 1761590.0, 1800685.0]
avg_val=1779689.3333333333

key=1000000
values=[1071773.0, 1031482.0, 1041345.0]
avg_val=1048200.0

key=5000000
values=[525923.0, 465145.0, 461038.0]
avg_val=484035.3333333333

