key=10000
values=[973172.0, 965486.0, 969893.0]
avg_val=969517.0

key=100000
values=[710875.0, 704555.0, 720287.0]
avg_val=711905.6666666666

key=1000000
values=[428687.0, 412553.0, 416485.0]
avg_val=419241.6666666667

key=5000000
values=[210277.0, 186024.0, 184483.0]
avg_val=193594.66666666666

