key=10000
values=[1627574.0, 1634044.0, 1636918.0]
avg_val=1632845.3333333333

key=100000
values=[924066.0, 904689.0, 874669.0]
avg_val=901141.3333333334

key=1000000
values=[339563.0, 329476.0, 321969.0]
avg_val=330336.0

key=5000000
values=[216705.0, 219603.0, 215314.0]
avg_val=217207.33333333334

