key=10000
values=[2712857.0, 2723568.0, 2727795.0]
avg_val=2721406.6666666665

key=100000
values=[1540197.0, 1508285.0, 1457831.0]
avg_val=1502104.3333333333

key=1000000
values=[566040.0, 548783.0, 536631.0]
avg_val=550484.6666666666

key=5000000
values=[361092.0, 366050.0, 358849.0]
avg_val=361997.0

