key=10000
values=[1085282.0, 1089523.0, 1090877.0]
avg_val=1088560.6666666667

key=100000
values=[616130.0, 603596.0, 583161.0]
avg_val=600962.3333333334

key=1000000
values=[226477.0, 219307.0, 214661.0]
avg_val=220148.33333333334

key=5000000
values=[144387.0, 146447.0, 143535.0]
avg_val=144789.66666666666

