key=10000
values=[2042292.0, 2099205.0, 2017096.0]
avg_val=2052864.3333333333

key=100000
values=[1409034.0, 1355057.0, 1416788.0]
avg_val=1393626.3333333333

key=1000000
values=[524850.0, 500734.0, 519029.0]
avg_val=514871.0

key=5000000
values=[285758.0, 325891.0, 334681.0]
avg_val=315443.3333333333

