key=10000
values=[1086539.0, 1088270.0, 1063193.0]
avg_val=1079334.0

key=100000
values=[198644.0, 165929.0, 201448.0]
avg_val=188673.66666666666

key=1000000
values=[8850.0, 8492.0, 7130.0]
avg_val=8157.333333333333

key=5000000
values=[1070.0, 1073.0, 1018.0]
avg_val=1053.6666666666667

