key=10000
values=[10937.0, 11013.0, 10742.0]
avg_val=10897.333333333334

key=100000
values=[2011.0, 1681.0, 2027.0]
avg_val=1906.3333333333333

key=1000000
values=[89.0, 88.0, 73.0]
avg_val=83.33333333333333

key=5000000
values=[11.0, 10.0, 10.0]
avg_val=10.333333333333334

