key=10000
values=[1829302.0, 1832300.0, 1790110.0]
avg_val=1817237.3333333333

key=100000
values=[334364.0, 279242.0, 338963.0]
avg_val=317523.0

key=1000000
values=[14888.0, 14314.0, 11996.0]
avg_val=13732.666666666666

key=5000000
values=[1801.0, 1820.0, 1710.0]
avg_val=1777.0

