key=10000
values=[731825.0, 733016.0, 716174.0]
avg_val=727005.0

key=100000
values=[133708.0, 111631.0, 135488.0]
avg_val=126942.33333333333

key=1000000
values=[5948.0, 5733.0, 4793.0]
avg_val=5491.333333333333

key=5000000
values=[718.0, 736.0, 681.0]
avg_val=711.6666666666666

