key=10000
values=[1171773.0, 1177265.0, 1184815.0]
avg_val=1177951.0

key=100000
values=[728118.0, 888906.0, 892868.0]
avg_val=836630.6666666666

key=1000000
values=[450274.0, 467735.0, 413970.0]
avg_val=443993.0

key=5000000
values=[262445.0, 250016.0, 242640.0]
avg_val=251700.33333333334

