key=10000
values=[1953456.0, 1961975.0, 1974374.0]
avg_val=1963268.3333333333

key=100000
values=[1213890.0, 1481805.0, 1488215.0]
avg_val=1394636.6666666667

key=1000000
values=[750495.0, 779626.0, 689613.0]
avg_val=739911.3333333334

key=5000000
values=[437486.0, 416864.0, 404669.0]
avg_val=419673.0

