key=10000
values=[781683.0, 784710.0, 789559.0]
avg_val=785317.3333333334

key=100000
values=[485772.0, 592899.0, 595346.0]
avg_val=558005.6666666666

key=1000000
values=[300220.0, 311891.0, 275642.0]
avg_val=295917.6666666667

key=5000000
values=[175041.0, 166848.0, 162028.0]
avg_val=167972.33333333334

