key=10000
values=[2274086.0, 2283902.0, 2283562.0]
avg_val=2280516.6666666665

key=100000
values=[1180319.0, 1199182.0, 1193472.0]
avg_val=1190991.0

key=1000000
values=[424546.0, 435707.0, 424570.0]
avg_val=428274.3333333333

key=8000000
values=[295209.0, 285880.0, 284100.0]
avg_val=288396.3333333333

