key=10000
values=[5686034.0, 5709614.0, 5708325.0]
avg_val=5701324.333333333

key=100000
values=[2951034.0, 2998739.0, 2984495.0]
avg_val=2978089.3333333335

key=1000000
values=[1061308.0, 1089495.0, 1061660.0]
avg_val=1070821.0

key=8000000
values=[737859.0, 714966.0, 710443.0]
avg_val=721089.3333333334

