key=10000
values=[3411948.0, 3425712.0, 3424762.0]
avg_val=3420807.3333333335

key=100000
values=[1770715.0, 1799557.0, 1791022.0]
avg_val=1787098.0

key=1000000
values=[636762.0, 653787.0, 637089.0]
avg_val=642546.0

key=8000000
values=[442650.0, 429085.0, 426342.0]
avg_val=432692.3333333333

