key=10000
values=[3906564.0, 4099640.0, 4030288.0]
avg_val=4012164.0

key=100000
values=[355465.0, 244515.0, 264798.0]
avg_val=288259.3333333333

key=1000000
values=[8379.0, 9074.0, 9435.0]
avg_val=8962.666666666666

key=5000000
values=[1394.0, 1064.0, 1153.0]
avg_val=1203.6666666666667

