key=10000
values=[39381.0, 41401.0, 40720.0]
avg_val=40500.666666666664

key=100000
values=[3611.0, 2479.0, 2657.0]
avg_val=2915.6666666666665

key=1000000
values=[89.0, 92.0, 92.0]
avg_val=91.0

key=5000000
values=[12.0, 11.0, 11.0]
avg_val=11.333333333333334

