key=10000
values=[3945945.0, 4141041.0, 4071008.0]
avg_val=4052664.6666666665

key=100000
values=[359077.0, 246995.0, 267455.0]
avg_val=291175.6666666667

key=1000000
values=[8468.0, 9166.0, 9527.0]
avg_val=9053.666666666666

key=5000000
values=[1406.0, 1076.0, 1165.0]
avg_val=1215.6666666666667

