key=10000
values=[3998008.0, 4120042.0, 3916433.0]
avg_val=4011494.3333333335

key=100000
values=[220650.0, 242520.0, 224048.0]
avg_val=229072.66666666666

key=1000000
values=[8427.0, 8555.0, 8990.0]
avg_val=8657.333333333334

key=5000000
values=[1286.0, 1326.0, 1063.0]
avg_val=1225.0

