key=10000
values=[40378.0, 41609.0, 39514.0]
avg_val=40500.333333333336

key=100000
values=[2214.0, 2473.0, 2260.0]
avg_val=2315.6666666666665

key=1000000
values=[87.0, 87.0, 88.0]
avg_val=87.33333333333333

key=5000000
values=[12.0, 13.0, 10.0]
avg_val=11.666666666666666

