key=10000
values=[9735876.0, 9611686.0, 9742415.0]
avg_val=9696659.0

key=100000
values=[6330829.0, 6381203.0, 6353573.0]
avg_val=6355201.666666667

key=1000000
values=[2348725.0, 2334341.0, 2376062.0]
avg_val=2353042.6666666665

key=8000000
values=[851284.0, 908827.0, 917217.0]
avg_val=892442.6666666666

