key=10000
values=[1066732.0, 1042433.0, 1026768.0]
avg_val=1045311.0

key=100000
values=[782820.0, 667528.0, 569220.0]
avg_val=673189.3333333334

key=1000000
values=[281413.0, 292016.0, 299282.0]
avg_val=290903.6666666667

key=5000000
values=[205932.0, 188501.0, 191958.0]
avg_val=195463.66666666666

