key=10000
values=[1600028.0, 1563257.0, 1539999.0]
avg_val=1567761.3333333333

key=100000
values=[1174353.0, 1001613.0, 853525.0]
avg_val=1009830.3333333334

key=1000000
values=[422202.0, 438037.0, 448877.0]
avg_val=436372.0

key=5000000
values=[308819.0, 282761.0, 287762.0]
avg_val=293114.0

