key=10000
values=[1184727.0, 1187650.0, 1195738.0]
avg_val=1189371.6666666667

key=100000
values=[121332.0, 86142.0, 78512.0]
avg_val=95328.66666666667

key=1000000
values=[9373.0, 11007.0, 12153.0]
avg_val=10844.333333333334

key=5000000
values=[1543.0, 1732.0, 1338.0]
avg_val=1537.6666666666667

