key=10000
values=[11959.0, 11980.0, 12049.0]
avg_val=11996.0

key=100000
values=[1220.0, 870.0, 776.0]
avg_val=955.3333333333334

key=1000000
values=[93.0, 112.0, 124.0]
avg_val=109.66666666666667

key=5000000
values=[16.0, 17.0, 14.0]
avg_val=15.666666666666666

