key=10000
values=[1994749.0, 1999374.0, 2012991.0]
avg_val=2002371.3333333333

key=100000
values=[204347.0, 144868.0, 132167.0]
avg_val=160460.66666666666

key=1000000
values=[15753.0, 18473.0, 20484.0]
avg_val=18236.666666666668

key=5000000
values=[2596.0, 2943.0, 2262.0]
avg_val=2600.3333333333335

