key=10000
values=[798062.0, 799743.0, 805203.0]
avg_val=801002.6666666666

key=100000
values=[81793.0, 57855.0, 52878.0]
avg_val=64175.333333333336

key=1000000
values=[6287.0, 7353.0, 8206.0]
avg_val=7282.0

key=5000000
values=[1036.0, 1193.0, 908.0]
avg_val=1045.6666666666667

