key=10000
values=[1326462.0, 1366271.0, 1292730.0]
avg_val=1328487.6666666667

key=100000
values=[219831.0, 223813.0, 243883.0]
avg_val=229175.66666666666

key=1000000
values=[8724.0, 7616.0, 9851.0]
avg_val=8730.333333333334

key=5000000
values=[1081.0, 924.0, 1043.0]
avg_val=1016.0

