key=10000
values=[13436.0, 13827.0, 13062.0]
avg_val=13441.666666666666

key=100000
values=[2226.0, 2265.0, 2449.0]
avg_val=2313.3333333333335

key=1000000
values=[88.0, 78.0, 98.0]
avg_val=88.0

key=5000000
values=[11.0, 10.0, 12.0]
avg_val=11.0

