key=10000
values=[2233428.0, 2300344.0, 2176560.0]
avg_val=2236777.3333333335

key=100000
values=[370028.0, 376742.0, 410385.0]
avg_val=385718.3333333333

key=1000000
values=[14668.0, 12825.0, 16589.0]
avg_val=14694.0

key=5000000
values=[1825.0, 1563.0, 1757.0]
avg_val=1715.0

