key=10000
values=[893529.0, 920245.0, 870768.0]
avg_val=894847.3333333334

key=100000
values=[147969.0, 150664.0, 164052.0]
avg_val=154228.33333333334

key=1000000
values=[5855.0, 5129.0, 6639.0]
avg_val=5874.333333333333

key=5000000
values=[732.0, 628.0, 702.0]
avg_val=687.3333333333334

