key=10000
values=[955912.0, 1006323.0, 983860.0]
avg_val=982031.6666666666

key=100000
values=[156636.0, 124546.0, 137096.0]
avg_val=139426.0

key=1000000
values=[8519.0, 9183.0, 9798.0]
avg_val=9166.666666666666

key=5000000
values=[932.0, 1417.0, 1346.0]
avg_val=1231.6666666666667

