key=10000
values=[9682.0, 10159.0, 9943.0]
avg_val=9928.0

key=100000
values=[1578.0, 1272.0, 1389.0]
avg_val=1413.0

key=1000000
values=[85.0, 92.0, 94.0]
avg_val=90.33333333333333

key=5000000
values=[10.0, 12.0, 12.0]
avg_val=11.333333333333334

