key=10000
values=[2413732.0, 2541029.0, 2484380.0]
avg_val=2479713.6666666665

key=100000
values=[395545.0, 314863.0, 346574.0]
avg_val=352327.3333333333

key=1000000
values=[21544.0, 23151.0, 24765.0]
avg_val=23153.333333333332

key=5000000
values=[2368.0, 3565.0, 3396.0]
avg_val=3109.6666666666665

