key=10000
values=[1448138.0, 1524546.0, 1490576.0]
avg_val=1487753.3333333333

key=100000
values=[237331.0, 189044.0, 208088.0]
avg_val=211487.66666666666

key=1000000
values=[12938.0, 13875.0, 14872.0]
avg_val=13895.0

key=5000000
values=[1425.0, 2135.0, 2037.0]
avg_val=1865.6666666666667

