key=10000
values=[4226436.0, 4231121.0, 4249887.0]
avg_val=4235814.666666667

key=100000
values=[3536565.0, 3237612.0, 3260778.0]
avg_val=3344985.0

key=1000000
values=[1243493.0, 1192842.0, 1222481.0]
avg_val=1219605.3333333333

key=5000000
values=[580983.0, 682124.0, 636073.0]
avg_val=633060.0

