key=10000
values=[2535956.0, 2538290.0, 2549560.0]
avg_val=2541268.6666666665

key=100000
values=[2121962.0, 1942906.0, 1956572.0]
avg_val=2007146.6666666667

key=1000000
values=[745909.0, 715422.0, 733301.0]
avg_val=731544.0

key=5000000
values=[348608.0, 409325.0, 381616.0]
avg_val=379849.6666666667

