key=10000
values=[2246173.0, 2286824.0, 2368681.0]
avg_val=2300559.3333333335

key=100000
values=[198109.0, 201621.0, 205768.0]
avg_val=201832.66666666666

key=1000000
values=[4967.0, 5749.0, 4709.0]
avg_val=5141.666666666667

key=5000000
values=[891.0, 799.0, 869.0]
avg_val=853.0

