key=10000
values=[2268872.0, 2309894.0, 2392576.0]
avg_val=2323780.6666666665

key=100000
values=[200100.0, 203647.0, 207835.0]
avg_val=203860.66666666666

key=1000000
values=[5020.0, 5804.0, 4758.0]
avg_val=5194.0

key=5000000
values=[900.0, 808.0, 878.0]
avg_val=862.0

