key=10000
values=[1524705.0, 1519442.0, 1527873.0]
avg_val=1524006.6666666667

key=100000
values=[1080670.0, 1099931.0, 1093465.0]
avg_val=1091355.3333333333

key=1000000
values=[383985.0, 391485.0, 404103.0]
avg_val=393191.0

key=8000000
values=[271911.0, 278480.0, 247155.0]
avg_val=265848.6666666667

