key=10000
values=[3811431.0, 3797862.0, 3820355.0]
avg_val=3809882.6666666665

key=100000
values=[2701582.0, 2748968.0, 2734138.0]
avg_val=2728229.3333333335

key=1000000
values=[959897.0, 978795.0, 1010485.0]
avg_val=983059.0

key=8000000
values=[679715.0, 695970.0, 617778.0]
avg_val=664487.6666666666

