key=10000
values=[2286725.0, 2278420.0, 2292482.0]
avg_val=2285875.6666666665

key=100000
values=[1620911.0, 1649037.0, 1640672.0]
avg_val=1636873.3333333333

key=1000000
values=[575912.0, 587310.0, 606382.0]
avg_val=589868.0

key=8000000
values=[407804.0, 417490.0, 370623.0]
avg_val=398639.0

