key=10000
values=[5815478.0, 5823454.0, 5819893.0]
avg_val=5819608.333333333

key=100000
values=[3466273.0, 3451558.0, 3489647.0]
avg_val=3469159.3333333335

key=1000000
values=[1370088.0, 1405349.0, 1406371.0]
avg_val=1393936.0

key=8000000
values=[586178.0, 612371.0, 691339.0]
avg_val=629962.6666666666

