key=10000
values=[2137254.0, 2169962.0, 2167128.0]
avg_val=2158114.6666666665

key=100000
values=[1626968.0, 1765709.0, 1801756.0]
avg_val=1731477.6666666667

key=1000000
values=[666028.0, 671396.0, 636736.0]
avg_val=658053.3333333334

key=5000000
values=[295020.0, 344758.0, 361836.0]
avg_val=333871.3333333333

