key=10000
values=[3562084.0, 3616714.0, 3612359.0]
avg_val=3597052.3333333335

key=100000
values=[2712139.0, 2943447.0, 3002661.0]
avg_val=2886082.3333333335

key=1000000
values=[1110012.0, 1119426.0, 1061208.0]
avg_val=1096882.0

key=5000000
values=[491645.0, 574615.0, 603026.0]
avg_val=556428.6666666666

