key=10000
values=[1424830.0, 1446752.0, 1445231.0]
avg_val=1438937.6666666667

key=100000
values=[1085170.0, 1177738.0, 1200904.0]
avg_val=1154604.0

key=1000000
values=[443984.0, 448029.0, 424472.0]
avg_val=438828.3333333333

key=5000000
values=[196625.0, 229856.0, 241190.0]
avg_val=222557.0

