key=10000
values=[1920284.0, 1929011.0, 1890893.0]
avg_val=1913396.0

key=100000
values=[1465783.0, 1412654.0, 1453105.0]
avg_val=1443847.3333333333

key=1000000
values=[688510.0, 647947.0, 671810.0]
avg_val=669422.3333333334

key=5000000
values=[343819.0, 322521.0, 326348.0]
avg_val=330896.0

