key=10000
values=[1280397.0, 1285990.0, 1260607.0]
avg_val=1275664.6666666667

key=100000
values=[977854.0, 941989.0, 968627.0]
avg_val=962823.3333333334

key=1000000
values=[459091.0, 432124.0, 447608.0]
avg_val=446274.3333333333

key=5000000
values=[229423.0, 214948.0, 217326.0]
avg_val=220565.66666666666

