key=10000
values=[1824637.0, 1809337.0, 1814136.0]
avg_val=1816036.6666666667

key=100000
values=[1516372.0, 1518037.0, 1514420.0]
avg_val=1516276.3333333333

key=1000000
values=[753809.0, 750887.0, 760763.0]
avg_val=755153.0

key=5000000
values=[303859.0, 305095.0, 308682.0]
avg_val=305878.6666666667

