key=10000
values=[4562696.0, 4523025.0, 4535022.0]
avg_val=4540247.666666667

key=100000
values=[3790926.0, 3796104.0, 3786620.0]
avg_val=3791216.6666666665

key=1000000
values=[1884678.0, 1877270.0, 1902062.0]
avg_val=1888003.3333333333

key=5000000
values=[759380.0, 763087.0, 771678.0]
avg_val=764715.0

