key=10000
values=[2738058.0, 2713688.0, 2720886.0]
avg_val=2724210.6666666665

key=100000
values=[2274554.0, 2278067.0, 2272200.0]
avg_val=2274940.3333333335

key=1000000
values=[1130868.0, 1126383.0, 1141299.0]
avg_val=1132850.0

key=5000000
values=[455521.0, 457992.0, 462995.0]
avg_val=458836.0

