key=10000
values=[2714318.0, 2699768.0, 2685942.0]
avg_val=2700009.3333333335

key=100000
values=[1814108.0, 1847916.0, 1800375.0]
avg_val=1820799.6666666667

key=1000000
values=[889354.0, 827381.0, 953683.0]
avg_val=890139.3333333334

key=8000000
values=[443142.0, 381888.0, 465316.0]
avg_val=430115.3333333333

