key=10000
values=[6786458.0, 6749376.0, 6714436.0]
avg_val=6750090.0

key=100000
values=[4534453.0, 4619424.0, 4502530.0]
avg_val=4552135.666666667

key=1000000
values=[2223898.0, 2069213.0, 2384258.0]
avg_val=2225789.6666666665

key=8000000
values=[1108030.0, 954641.0, 1163933.0]
avg_val=1075534.6666666667

