key=10000
values=[1351859.0, 1266007.0, 1342644.0]
avg_val=1320170.0

key=100000
values=[249944.0, 225653.0, 215197.0]
avg_val=230264.66666666666

key=1000000
values=[8828.0, 9988.0, 10969.0]
avg_val=9928.333333333334

key=5000000
values=[1218.0, 1278.0, 1284.0]
avg_val=1260.0

