key=10000
values=[13668.0, 12814.0, 13522.0]
avg_val=13334.666666666666

key=100000
values=[2546.0, 2295.0, 2165.0]
avg_val=2335.3333333333335

key=1000000
values=[90.0, 97.0, 113.0]
avg_val=100.0

key=5000000
values=[12.0, 12.0, 12.0]
avg_val=12.0

