key=10000
values=[2275551.0, 2131242.0, 2260369.0]
avg_val=2222387.3333333335

key=100000
values=[420820.0, 379925.0, 362422.0]
avg_val=387722.3333333333

key=1000000
values=[14868.0, 16825.0, 18462.0]
avg_val=16718.333333333332

key=5000000
values=[2059.0, 2164.0, 2174.0]
avg_val=2132.3333333333335

