key=10000
values=[910023.0, 852420.0, 904201.0]
avg_val=888881.3333333334

key=100000
values=[168329.0, 151976.0, 145059.0]
avg_val=155121.33333333334

key=1000000
values=[5950.0, 6739.0, 7379.0]
avg_val=6689.333333333333

key=5000000
values=[828.0, 873.0, 877.0]
avg_val=859.3333333333334

