key=10000
values=[955630.0, 952604.0, 951513.0]
avg_val=953249.0

key=100000
values=[655958.0, 648900.0, 660926.0]
avg_val=655261.3333333334

key=1000000
values=[309549.0, 298911.0, 301842.0]
avg_val=303434.0

key=5000000
values=[183899.0, 162367.0, 177334.0]
avg_val=174533.33333333334

