key=10000
values=[2389372.0, 2381002.0, 2379058.0]
avg_val=2383144.0

key=100000
values=[1640221.0, 1622195.0, 1651786.0]
avg_val=1638067.3333333333

key=1000000
values=[773868.0, 747634.0, 754459.0]
avg_val=758653.6666666666

key=5000000
values=[459591.0, 405887.0, 443052.0]
avg_val=436176.6666666667

