key=10000
values=[1433741.0, 1428398.0, 1427544.0]
avg_val=1429894.3333333333

key=100000
values=[984263.0, 973294.0, 990860.0]
avg_val=982805.6666666666

key=1000000
values=[464318.0, 448723.0, 452616.0]
avg_val=455219.0

key=5000000
values=[275691.0, 243519.0, 265718.0]
avg_val=261642.66666666666

