key=10000
values=[1082954.0, 1072375.0, 1144462.0]
avg_val=1099930.3333333333

key=100000
values=[162930.0, 127229.0, 130785.0]
avg_val=140314.66666666666

key=1000000
values=[6647.0, 6935.0, 7572.0]
avg_val=7051.333333333333

key=5000000
values=[982.0, 1129.0, 1248.0]
avg_val=1119.6666666666667

