key=10000
values=[10927.0, 10843.0, 11522.0]
avg_val=11097.333333333334

key=100000
values=[1648.0, 1282.0, 1329.0]
avg_val=1419.6666666666667

key=1000000
values=[67.0, 70.0, 75.0]
avg_val=70.66666666666667

key=5000000
values=[10.0, 11.0, 12.0]
avg_val=11.0

