key=10000
values=[1823014.0, 1805347.0, 1926351.0]
avg_val=1851570.6666666667

key=100000
values=[274356.0, 214111.0, 220182.0]
avg_val=236216.33333333334

key=1000000
values=[11181.0, 11678.0, 12754.0]
avg_val=11871.0

key=5000000
values=[1659.0, 1906.0, 2089.0]
avg_val=1884.6666666666667

