key=10000
values=[729133.0, 722128.0, 770367.0]
avg_val=740542.6666666666

key=100000
values=[109778.0, 85598.0, 88066.0]
avg_val=94480.66666666667

key=1000000
values=[4466.0, 4672.0, 5106.0]
avg_val=4748.0

key=5000000
values=[666.0, 766.0, 829.0]
avg_val=753.6666666666666

