key=10000
values=[2221979.0, 2136366.0, 2190757.0]
avg_val=2183034.0

key=100000
values=[1283562.0, 1279148.0, 1319103.0]
avg_val=1293937.6666666667

key=1000000
values=[490694.0, 515600.0, 496255.0]
avg_val=500849.6666666667

key=5000000
values=[309334.0, 297336.0, 287220.0]
avg_val=297963.3333333333

