key=10000
values=[5999758.0, 6036250.0, 6006548.0]
avg_val=6014185.333333333

key=100000
values=[257864.0, 251843.0, 232101.0]
avg_val=247269.33333333334

key=1000000
values=[11178.0, 12171.0, 11488.0]
avg_val=11612.333333333334

key=5000000
values=[1623.0, 1451.0, 1767.0]
avg_val=1613.6666666666667

