key=10000
values=[60594.0, 60957.0, 60724.0]
avg_val=60758.333333333336

key=100000
values=[2600.0, 2551.0, 2343.0]
avg_val=2498.0

key=1000000
values=[113.0, 124.0, 114.0]
avg_val=117.0

key=5000000
values=[17.0, 15.0, 17.0]
avg_val=16.333333333333332

