key=10000
values=[6060352.0, 6097208.0, 6067273.0]
avg_val=6074944.333333333

key=100000
values=[260465.0, 254394.0, 234445.0]
avg_val=249768.0

key=1000000
values=[11292.0, 12295.0, 11603.0]
avg_val=11730.0

key=5000000
values=[1640.0, 1466.0, 1785.0]
avg_val=1630.3333333333333

