key=10000
values=[34991711.0, 30199585.0, 32647506.0]
avg_val=32612934.0

key=100000
values=[30486627.0, 34970751.0, 24934438.0]
avg_val=30130605.333333332

key=1000000
values=[22582503.0, 22248880.0, 28198950.0]
avg_val=24343444.333333332

