key=10000
values=[1638605.0, 1640153.0, 1633267.0]
avg_val=1637341.6666666667

key=100000
values=[1268358.0, 1305369.0, 1271268.0]
avg_val=1281665.0

key=1000000
values=[539091.0, 514229.0, 650572.0]
avg_val=567964.0

key=8000000
values=[246656.0, 252170.0, 287436.0]
avg_val=262087.33333333334

