key=10000
values=[4097323.0, 4100331.0, 4082816.0]
avg_val=4093490.0

key=100000
values=[3170273.0, 3263430.0, 3176712.0]
avg_val=3203471.6666666665

key=1000000
values=[1347700.0, 1285527.0, 1627143.0]
avg_val=1420123.3333333333

key=8000000
values=[616635.0, 630163.0, 718576.0]
avg_val=655124.6666666666

