key=10000
values=[2458718.0, 2460178.0, 2449549.0]
avg_val=2456148.3333333335

key=100000
values=[1901915.0, 1958061.0, 1905443.0]
avg_val=1921806.3333333333

key=1000000
values=[808608.0, 771298.0, 976571.0]
avg_val=852159.0

key=8000000
values=[369978.0, 377993.0, 431139.0]
avg_val=393036.6666666667

