key=10000
values=[2082055.0, 2054127.0, 2115135.0]
avg_val=2083772.3333333333

key=100000
values=[1186886.0, 1142054.0, 1196097.0]
avg_val=1175012.3333333333

key=1000000
values=[439401.0, 437242.0, 441252.0]
avg_val=439298.3333333333

key=5000000
values=[291556.0, 290349.0, 291122.0]
avg_val=291009.0

