key=10000
values=[4992803.0, 5165984.0, 4851283.0]
avg_val=5003356.666666667

key=100000
values=[3485586.0, 3416195.0, 3417931.0]
avg_val=3439904.0

key=1000000
values=[1212904.0, 1188503.0, 1175404.0]
avg_val=1192270.3333333333

key=5000000
values=[416904.0, 474423.0, 415719.0]
avg_val=435682.0

