key=10000
values=[1076702.0, 1098974.0, 1090803.0]
avg_val=1088826.3333333333

key=100000
values=[818951.0, 767027.0, 755319.0]
avg_val=780432.3333333334

key=1000000
values=[372418.0, 355893.0, 359569.0]
avg_val=362626.6666666667

key=5000000
values=[227772.0, 205785.0, 215752.0]
avg_val=216436.33333333334

