key=10000
values=[1794777.0, 1831233.0, 1817769.0]
avg_val=1814593.0

key=100000
values=[1365231.0, 1278338.0, 1258890.0]
avg_val=1300819.6666666667

key=1000000
values=[620797.0, 593067.0, 599151.0]
avg_val=604338.3333333334

key=5000000
values=[379507.0, 343063.0, 359713.0]
avg_val=360761.0

