key=10000
values=[718074.0, 732259.0, 726966.0]
avg_val=725766.3333333334

key=100000
values=[546279.0, 511311.0, 503571.0]
avg_val=520387.0

key=1000000
values=[248379.0, 237174.0, 239582.0]
avg_val=241711.66666666666

key=5000000
values=[151735.0, 137277.0, 143961.0]
avg_val=144324.33333333334

