key=10000
values=[1287821.0, 1299685.0, 1283860.0]
avg_val=1290455.3333333333

key=100000
values=[102138.0, 150601.0, 127995.0]
avg_val=126911.33333333333

key=1000000
values=[12010.0, 11381.0, 11471.0]
avg_val=11620.666666666666

key=5000000
values=[1918.0, 1612.0, 1584.0]
avg_val=1704.6666666666667

