key=10000
values=[2167924.0, 2188115.0, 2161335.0]
avg_val=2172458.0

key=100000
values=[172031.0, 253547.0, 215418.0]
avg_val=213665.33333333334

key=1000000
values=[20237.0, 19123.0, 19275.0]
avg_val=19545.0

key=5000000
values=[3222.0, 2704.0, 2668.0]
avg_val=2864.6666666666665

