key=10000
values=[867139.0, 875320.0, 864516.0]
avg_val=868991.6666666666

key=100000
values=[68859.0, 101411.0, 86146.0]
avg_val=85472.0

key=1000000
values=[8105.0, 7627.0, 7689.0]
avg_val=7807.0

key=5000000
values=[1287.0, 1074.0, 1066.0]
avg_val=1142.3333333333333

