key=10000
values=[1535049.0, 1494987.0, 1503199.0]
avg_val=1511078.3333333333

key=100000
values=[1229944.0, 1072525.0, 1046755.0]
avg_val=1116408.0

key=1000000
values=[428881.0, 433404.0, 439322.0]
avg_val=433869.0

key=5000000
values=[215857.0, 251082.0, 262872.0]
avg_val=243270.33333333334

