key=10000
values=[3836957.0, 3737451.0, 3758002.0]
avg_val=3777470.0

key=100000
values=[3074960.0, 2681706.0, 2616795.0]
avg_val=2791153.6666666665

key=1000000
values=[1071927.0, 1083697.0, 1098192.0]
avg_val=1084605.3333333333

key=5000000
values=[539814.0, 627613.0, 657297.0]
avg_val=608241.3333333334

