key=10000
values=[2301908.0, 2242463.0, 2254803.0]
avg_val=2266391.3333333335

key=100000
values=[1845015.0, 1609180.0, 1570039.0]
avg_val=1674744.6666666667

key=1000000
values=[643046.0, 650292.0, 658869.0]
avg_val=650735.6666666666

key=5000000
values=[323956.0, 376531.0, 394424.0]
avg_val=364970.3333333333

