key=10000
values=[996400.0, 1064637.0, 995468.0]
avg_val=1018835.0

key=100000
values=[66388.0, 69836.0, 65645.0]
avg_val=67289.66666666667

key=1000000
values=[7443.0, 7375.0, 7180.0]
avg_val=7332.666666666667

key=5000000
values=[1287.0, 834.0, 984.0]
avg_val=1035.0

