key=10000
values=[10089.0, 10751.0, 10030.0]
avg_val=10290.0

key=100000
values=[675.0, 700.0, 664.0]
avg_val=679.6666666666666

key=1000000
values=[75.0, 71.0, 73.0]
avg_val=73.0

key=5000000
values=[12.0, 8.0, 11.0]
avg_val=10.333333333333334

