key=10000
values=[1677457.0, 1792728.0, 1675983.0]
avg_val=1715389.3333333333

key=100000
values=[111705.0, 117510.0, 110530.0]
avg_val=113248.33333333333

key=1000000
values=[12549.0, 12443.0, 12070.0]
avg_val=12354.0

key=5000000
values=[2169.0, 1412.0, 1657.0]
avg_val=1746.0

