key=10000
values=[670967.0, 717340.0, 670483.0]
avg_val=686263.3333333334

key=100000
values=[44641.0, 46973.0, 44220.0]
avg_val=45278.0

key=1000000
values=[5030.0, 4996.0, 4816.0]
avg_val=4947.333333333333

key=5000000
values=[870.0, 569.0, 661.0]
avg_val=700.0

