key=10000
values=[2173344.0, 2200707.0, 2195410.0]
avg_val=2189820.3333333335

key=100000
values=[1347447.0, 1338199.0, 1333244.0]
avg_val=1339630.0

key=1000000
values=[561075.0, 487549.0, 490290.0]
avg_val=512971.3333333333

key=8000000
values=[271329.0, 253301.0, 269584.0]
avg_val=264738.0

