key=10000
values=[5432907.0, 5503024.0, 5488341.0]
avg_val=5474757.333333333

key=100000
values=[3369394.0, 3345714.0, 3333753.0]
avg_val=3349620.3333333335

key=1000000
values=[1402758.0, 1219128.0, 1225513.0]
avg_val=1282466.3333333333

key=8000000
values=[678344.0, 633718.0, 674172.0]
avg_val=662078.0

