key=10000
values=[3259563.0, 3302316.0, 3292931.0]
avg_val=3284936.6666666665

key=100000
values=[2021947.0, 2007514.0, 2000509.0]
avg_val=2009990.0

key=1000000
values=[841682.0, 731578.0, 735223.0]
avg_val=769494.3333333334

key=8000000
values=[407015.0, 380416.0, 404588.0]
avg_val=397339.6666666667

