key=10000
values=[2655244.0, 2665466.0, 2596601.0]
avg_val=2639103.6666666665

key=100000
values=[223303.0, 165833.0, 173293.0]
avg_val=187476.33333333334

key=1000000
values=[7928.0, 7351.0, 7545.0]
avg_val=7608.0

key=5000000
values=[1017.0, 994.0, 992.0]
avg_val=1001.0

