key=10000
values=[26887.0, 26920.0, 26201.0]
avg_val=26669.333333333332

key=100000
values=[2261.0, 1671.0, 1755.0]
avg_val=1895.6666666666667

key=1000000
values=[82.0, 76.0, 75.0]
avg_val=77.66666666666667

key=5000000
values=[10.0, 10.0, 10.0]
avg_val=10.0

