key=10000
values=[2682131.0, 2692386.0, 2622802.0]
avg_val=2665773.0

key=100000
values=[225564.0, 167505.0, 175048.0]
avg_val=189372.33333333334

key=1000000
values=[8010.0, 7427.0, 7620.0]
avg_val=7685.666666666667

key=5000000
values=[1028.0, 1005.0, 1002.0]
avg_val=1011.6666666666666

