key=10000
values=[1617256.0, 1629012.0, 1622556.0]
avg_val=1622941.3333333333

key=100000
values=[893017.0, 896561.0, 908781.0]
avg_val=899453.0

key=1000000
values=[272671.0, 337728.0, 301132.0]
avg_val=303843.6666666667

key=5000000
values=[216306.0, 217510.0, 217893.0]
avg_val=217236.33333333334

