key=10000
values=[2695687.0, 2715407.0, 2703909.0]
avg_val=2705001.0

key=100000
values=[1488401.0, 1494724.0, 1514871.0]
avg_val=1499332.0

key=1000000
values=[454418.0, 562523.0, 501802.0]
avg_val=506247.6666666667

key=5000000
values=[360498.0, 362547.0, 363155.0]
avg_val=362066.6666666667

