key=10000
values=[1078430.0, 1086395.0, 1081353.0]
avg_val=1082059.3333333333

key=100000
values=[595383.0, 598163.0, 606090.0]
avg_val=599878.6666666666

key=1000000
values=[181746.0, 224795.0, 200669.0]
avg_val=202403.33333333334

key=5000000
values=[144191.0, 145037.0, 145262.0]
avg_val=144830.0

