key=10000
values=[1460430.0, 1479505.0, 1465519.0]
avg_val=1468484.6666666667

key=100000
values=[873326.0, 868925.0, 868668.0]
avg_val=870306.3333333334

key=1000000
values=[330890.0, 317666.0, 307445.0]
avg_val=318667.0

key=8000000
values=[181199.0, 173137.0, 142976.0]
avg_val=165770.66666666666

