key=10000
values=[3651502.0, 3697885.0, 3663979.0]
avg_val=3671122.0

key=100000
values=[2183165.0, 2172715.0, 2171410.0]
avg_val=2175763.3333333335

key=1000000
values=[827328.0, 794200.0, 768489.0]
avg_val=796672.3333333334

key=8000000
values=[452893.0, 432804.0, 357560.0]
avg_val=414419.0

