key=10000
values=[2191072.0, 2218379.0, 2198460.0]
avg_val=2202637.0

key=100000
values=[1309839.0, 1303789.0, 1302742.0]
avg_val=1305456.6666666667

key=1000000
values=[496438.0, 476534.0, 461043.0]
avg_val=478005.0

key=8000000
values=[271693.0, 259666.0, 214583.0]
avg_val=248647.33333333334

