key=10000
values=[1369085.0, 1372826.0, 1372138.0]
avg_val=1371349.6666666667

key=100000
values=[189236.0, 154640.0, 187033.0]
avg_val=176969.66666666666

key=1000000
values=[4879.0, 4954.0, 4703.0]
avg_val=4845.333333333333

key=5000000
values=[874.0, 944.0, 824.0]
avg_val=880.6666666666666

