key=10000
values=[13823.0, 13851.0, 13897.0]
avg_val=13857.0

key=100000
values=[1904.0, 1570.0, 1894.0]
avg_val=1789.3333333333333

key=1000000
values=[51.0, 48.0, 50.0]
avg_val=49.666666666666664

key=5000000
values=[8.0, 8.0, 7.0]
avg_val=7.666666666666667

