key=10000
values=[2304871.0, 2311196.0, 2310466.0]
avg_val=2308844.3333333335

key=100000
values=[318733.0, 260297.0, 314889.0]
avg_val=297973.0

key=1000000
values=[8204.0, 8334.0, 7914.0]
avg_val=8150.666666666667

key=5000000
values=[1469.0, 1595.0, 1385.0]
avg_val=1483.0

