key=10000
values=[921962.0, 924518.0, 924430.0]
avg_val=923636.6666666666

key=100000
values=[127592.0, 104085.0, 125960.0]
avg_val=119212.33333333333

key=1000000
values=[3273.0, 3331.0, 3161.0]
avg_val=3255.0

key=5000000
values=[586.0, 642.0, 553.0]
avg_val=593.6666666666666

