key=10000
values=[10347234.0, 10235464.0, 10090797.0]
avg_val=10224498.333333334

key=100000
values=[6045930.0, 6038211.0, 6032653.0]
avg_val=6038931.333333333

key=1000000
values=[2369359.0, 2228665.0, 2305494.0]
avg_val=2301172.6666666665

key=8000000
values=[566229.0, 566682.0, 565407.0]
avg_val=566106.0

