key=10000
values=[1214025.0, 1211887.0, 1206357.0]
avg_val=1210756.3333333333

key=100000
values=[862013.0, 781307.0, 887107.0]
avg_val=843475.6666666666

key=1000000
values=[435817.0, 427888.0, 439725.0]
avg_val=434476.6666666667

key=5000000
values=[260979.0, 267251.0, 285436.0]
avg_val=271222.0

