key=10000
values=[2023070.0, 2019951.0, 2010693.0]
avg_val=2017904.6666666667

key=100000
values=[1436985.0, 1302355.0, 1478319.0]
avg_val=1405886.3333333333

key=1000000
values=[726384.0, 713144.0, 732947.0]
avg_val=724158.3333333334

key=5000000
values=[434878.0, 445402.0, 475821.0]
avg_val=452033.6666666667

