key=10000
values=[809044.0, 808064.0, 804335.0]
avg_val=807147.6666666666

key=100000
values=[574971.0, 521048.0, 591212.0]
avg_val=562410.3333333334

key=1000000
values=[290567.0, 285256.0, 293222.0]
avg_val=289681.6666666667

key=5000000
values=[173898.0, 178151.0, 190385.0]
avg_val=180811.33333333334

