key=10000
values=[4313868.0, 4391714.0, 4234510.0]
avg_val=4313364.0

key=100000
values=[246743.0, 268361.0, 275882.0]
avg_val=263662.0

key=1000000
values=[8774.0, 8715.0, 8924.0]
avg_val=8804.333333333334

key=5000000
values=[1158.0, 1224.0, 1214.0]
avg_val=1198.6666666666667

