key=10000
values=[43588.0, 44455.0, 42725.0]
avg_val=43589.333333333336

key=100000
values=[2473.0, 2733.0, 2782.0]
avg_val=2662.6666666666665

key=1000000
values=[87.0, 91.0, 89.0]
avg_val=89.0

key=5000000
values=[11.0, 12.0, 13.0]
avg_val=12.0

