key=10000
values=[4161494.0, 4108523.0, 4153907.0]
avg_val=4141308.0

key=100000
values=[2546785.0, 2439161.0, 2507151.0]
avg_val=2497699.0

key=1000000
values=[975404.0, 987023.0, 1045534.0]
avg_val=1002653.6666666666

key=5000000
values=[408043.0, 427725.0, 415719.0]
avg_val=417162.3333333333

