key=10000
values=[8876944.0, 8880014.0, 8806399.0]
avg_val=8854452.333333334

key=100000
values=[4964076.0, 5038141.0, 4952911.0]
avg_val=4985042.666666667

key=1000000
values=[1735790.0, 1587306.0, 1545992.0]
avg_val=1623029.3333333333

key=8000000
values=[569006.0, 555890.0, 572665.0]
avg_val=565853.6666666666

