key=10000
values=[2799742.0, 2801019.0, 2786977.0]
avg_val=2795912.6666666665

key=100000
values=[1741842.0, 1741121.0, 1746371.0]
avg_val=1743111.3333333333

key=1000000
values=[794650.0, 824623.0, 853286.0]
avg_val=824186.3333333334

key=8000000
values=[303503.0, 313605.0, 310741.0]
avg_val=309283.0

