key=10000
values=[6999520.0, 7001610.0, 6966874.0]
avg_val=6989334.666666667

key=100000
values=[4354785.0, 4353032.0, 4366359.0]
avg_val=4358058.666666667

key=1000000
values=[1986728.0, 2061120.0, 2132885.0]
avg_val=2060244.3333333333

key=8000000
values=[759323.0, 783867.0, 776618.0]
avg_val=773269.3333333334

