key=10000
values=[4199778.0, 4200591.0, 4179896.0]
avg_val=4193421.6666666665

key=100000
values=[2612943.0, 2611910.0, 2619988.0]
avg_val=2614947.0

key=1000000
values=[1192077.0, 1236496.0, 1279599.0]
avg_val=1236057.3333333333

key=8000000
values=[455819.0, 470261.0, 465877.0]
avg_val=463985.6666666667

