key=10000
values=[1848149.0, 1852835.0, 1848624.0]
avg_val=1849869.3333333333

key=100000
values=[1194648.0, 1199920.0, 1179022.0]
avg_val=1191196.6666666667

key=1000000
values=[531787.0, 517479.0, 498103.0]
avg_val=515789.6666666667

key=8000000
values=[218757.0, 234999.0, 222807.0]
avg_val=225521.0

