key=10000
values=[4621022.0, 4631296.0, 4622076.0]
avg_val=4624798.0

key=100000
values=[2987401.0, 3000236.0, 2948486.0]
avg_val=2978707.6666666665

key=1000000
values=[1329565.0, 1294109.0, 1245224.0]
avg_val=1289632.6666666667

key=8000000
values=[546920.0, 587542.0, 556599.0]
avg_val=563687.0

