key=10000
values=[2772873.0, 2778461.0, 2773451.0]
avg_val=2774928.3333333335

key=100000
values=[1792753.0, 1800316.0, 1769464.0]
avg_val=1787511.0

key=1000000
values=[797778.0, 776629.0, 747121.0]
avg_val=773842.6666666666

key=8000000
values=[328163.0, 352543.0, 333791.0]
avg_val=338165.6666666667

