key=10000
values=[1716793.0, 1713863.0, 1715937.0]
avg_val=1715531.0

key=100000
values=[968352.0, 959443.0, 940816.0]
avg_val=956203.6666666666

key=1000000
values=[357802.0, 347073.0, 373203.0]
avg_val=359359.3333333333

key=5000000
values=[230460.0, 184774.0, 230962.0]
avg_val=215398.66666666666

