key=10000
values=[2861454.0, 2856989.0, 2860020.0]
avg_val=2859487.6666666665

key=100000
values=[1614032.0, 1599019.0, 1568365.0]
avg_val=1593805.3333333333

key=1000000
values=[596404.0, 578344.0, 621871.0]
avg_val=598873.0

key=5000000
values=[384271.0, 307917.0, 384941.0]
avg_val=359043.0

