key=10000
values=[1144661.0, 1143126.0, 1144083.0]
avg_val=1143956.6666666667

key=100000
values=[645679.0, 639575.0, 627548.0]
avg_val=637600.6666666666

key=1000000
values=[238601.0, 231270.0, 248667.0]
avg_val=239512.66666666666

key=5000000
values=[153811.0, 123143.0, 153979.0]
avg_val=143644.33333333334

