key=10000
values=[2176938.0, 2181320.0, 2183915.0]
avg_val=2180724.3333333335

key=100000
values=[1351316.0, 1323376.0, 1309604.0]
avg_val=1328098.6666666667

key=1000000
values=[490533.0, 524139.0, 492013.0]
avg_val=502228.3333333333

key=8000000
values=[286636.0, 263211.0, 268580.0]
avg_val=272809.0

