key=10000
values=[5442237.0, 5453618.0, 5459270.0]
avg_val=5451708.333333333

key=100000
values=[3379138.0, 3307866.0, 3273845.0]
avg_val=3320283.0

key=1000000
values=[1226803.0, 1310309.0, 1230032.0]
avg_val=1255714.6666666667

key=8000000
values=[717299.0, 658113.0, 671628.0]
avg_val=682346.6666666666

