key=10000
values=[3265299.0, 3272298.0, 3275355.0]
avg_val=3270984.0

key=100000
values=[2027822.0, 1984489.0, 1964240.0]
avg_val=1992183.6666666667

key=1000000
values=[736270.0, 786170.0, 738019.0]
avg_val=753486.3333333334

key=8000000
values=[430663.0, 394901.0, 403047.0]
avg_val=409537.0

