key=10000
values=[4675251.0, 4667509.0, 4642979.0]
avg_val=4661913.0

key=100000
values=[2887651.0, 2877103.0, 2592914.0]
avg_val=2785889.3333333335

key=1000000
values=[810940.0, 821765.0, 826741.0]
avg_val=819815.3333333334

key=5000000
values=[415719.0, 390753.0, 402583.0]
avg_val=403018.3333333333

