key=10000
values=[3916653.0, 3980351.0, 3930103.0]
avg_val=3942369.0

key=100000
values=[2354773.0, 2327908.0, 2341607.0]
avg_val=2341429.3333333335

key=1000000
values=[869090.0, 924885.0, 946356.0]
avg_val=913443.6666666666

key=8000000
values=[475873.0, 437340.0, 457010.0]
avg_val=456741.0

