key=10000
values=[2350287.0, 2388210.0, 2357734.0]
avg_val=2365410.3333333335

key=100000
values=[1412897.0, 1396613.0, 1404723.0]
avg_val=1404744.3333333333

key=1000000
values=[521617.0, 555130.0, 567881.0]
avg_val=548209.3333333334

key=8000000
values=[285603.0, 262291.0, 274321.0]
avg_val=274071.6666666667

