key=10000
values=[1523389.0, 1523828.0, 1523209.0]
avg_val=1523475.3333333333

key=100000
values=[909691.0, 905261.0, 909128.0]
avg_val=908026.6666666666

key=1000000
values=[383645.0, 355288.0, 332454.0]
avg_val=357129.0

key=8000000
values=[155551.0, 175888.0, 198927.0]
avg_val=176788.66666666666

