key=10000
values=[3809004.0, 3808850.0, 3808743.0]
avg_val=3808865.6666666665

key=100000
values=[2273799.0, 2263482.0, 2271875.0]
avg_val=2269718.6666666665

key=1000000
values=[959019.0, 888319.0, 831318.0]
avg_val=892885.3333333334

key=8000000
values=[389113.0, 439767.0, 497280.0]
avg_val=442053.3333333333

