key=10000
values=[2285615.0, 2285021.0, 2285534.0]
avg_val=2285390.0

key=100000
values=[1364107.0, 1358221.0, 1362746.0]
avg_val=1361691.3333333333

key=1000000
values=[575373.0, 533030.0, 498864.0]
avg_val=535755.6666666666

key=8000000
values=[233562.0, 263879.0, 298352.0]
avg_val=265264.3333333333

