key=10000
values=[2475042.0, 2479067.0, 2488524.0]
avg_val=2480877.6666666665

key=100000
values=[1562552.0, 1560063.0, 1576458.0]
avg_val=1566357.6666666667

key=1000000
values=[899693.0, 892383.0, 894049.0]
avg_val=895375.0

key=8000000
values=[347667.0, 354022.0, 448575.0]
avg_val=383421.3333333333

