key=10000
values=[3712133.0, 3718948.0, 3730766.0]
avg_val=3720615.6666666665

key=100000
values=[2345250.0, 2340530.0, 2365205.0]
avg_val=2350328.3333333335

key=1000000
values=[1349387.0, 1338335.0, 1340895.0]
avg_val=1342872.3333333333

key=8000000
values=[521425.0, 531241.0, 673404.0]
avg_val=575356.6666666666

