key=10000
values=[1097928.0, 1099489.0, 1066813.0]
avg_val=1088076.6666666667

key=100000
values=[763285.0, 798508.0, 821866.0]
avg_val=794553.0

key=1000000
values=[376996.0, 395822.0, 379858.0]
avg_val=384225.3333333333

key=5000000
values=[268508.0, 249082.0, 250887.0]
avg_val=256159.0

