key=10000
values=[1830322.0, 1832543.0, 1778377.0]
avg_val=1813747.3333333333

key=100000
values=[1271914.0, 1330924.0, 1369784.0]
avg_val=1324207.3333333333

key=1000000
values=[628655.0, 659830.0, 633073.0]
avg_val=640519.3333333334

key=5000000
values=[447672.0, 415189.0, 418172.0]
avg_val=427011.0

