key=10000
values=[732394.0, 733054.0, 711563.0]
avg_val=725670.3333333334

key=100000
values=[508629.0, 532415.0, 547918.0]
avg_val=529654.0

key=1000000
values=[251659.0, 264007.0, 253214.0]
avg_val=256293.33333333334

key=5000000
values=[179163.0, 166107.0, 167285.0]
avg_val=170851.66666666666

