key=10000
values=[2190106.0, 2193263.0, 2180479.0]
avg_val=2187949.3333333335

key=100000
values=[2028541.0, 2024023.0, 2005955.0]
avg_val=2019506.3333333333

key=1000000
values=[851369.0, 867687.0, 873610.0]
avg_val=864222.0

key=5000000
values=[381621.0, 387194.0, 388510.0]
avg_val=385775.0

