key=10000
values=[3650369.0, 3654954.0, 3634544.0]
avg_val=3646622.3333333335

key=100000
values=[3381171.0, 3373851.0, 3343330.0]
avg_val=3366117.3333333335

key=1000000
values=[1419608.0, 1446163.0, 1455810.0]
avg_val=1440527.0

key=5000000
values=[635988.0, 645500.0, 647513.0]
avg_val=643000.3333333334

