key=10000
values=[1460263.0, 1461691.0, 1454064.0]
avg_val=1458672.6666666667

key=100000
values=[1352630.0, 1349827.0, 1337375.0]
avg_val=1346610.6666666667

key=1000000
values=[568239.0, 578476.0, 582199.0]
avg_val=576304.6666666666

key=5000000
values=[254367.0, 258305.0, 259003.0]
avg_val=257225.0

