key=10000
values=[2690808.0, 2709746.0, 2728868.0]
avg_val=2709807.3333333335

key=100000
values=[235998.0, 248912.0, 333490.0]
avg_val=272800.0

key=1000000
values=[10147.0, 7333.0, 8556.0]
avg_val=8678.666666666666

key=5000000
values=[1061.0, 1139.0, 961.0]
avg_val=1053.6666666666667

