key=10000
values=[27169.0, 27378.0, 27573.0]
avg_val=27373.333333333332

key=100000
values=[2360.0, 2514.0, 3390.0]
avg_val=2754.6666666666665

key=1000000
values=[98.0, 75.0, 88.0]
avg_val=87.0

key=5000000
values=[11.0, 11.0, 10.0]
avg_val=10.666666666666666

