key=10000
values=[2717978.0, 2737125.0, 2756442.0]
avg_val=2737181.6666666665

key=100000
values=[238359.0, 251426.0, 336881.0]
avg_val=275555.3333333333

key=1000000
values=[10245.0, 7408.0, 8645.0]
avg_val=8766.0

key=5000000
values=[1073.0, 1150.0, 972.0]
avg_val=1065.0

