key=10000
values=[2719530.0, 2717346.0, 2733584.0]
avg_val=2723486.6666666665

key=100000
values=[183137.0, 169678.0, 215016.0]
avg_val=189277.0

key=1000000
values=[7011.0, 7545.0, 7630.0]
avg_val=7395.333333333333

key=5000000
values=[988.0, 1106.0, 1134.0]
avg_val=1076.0

