key=10000
values=[27541.0, 27446.0, 27612.0]
avg_val=27533.0

key=100000
values=[1855.0, 1699.0, 2175.0]
avg_val=1909.6666666666667

key=1000000
values=[70.0, 74.0, 77.0]
avg_val=73.66666666666667

key=5000000
values=[10.0, 11.0, 11.0]
avg_val=10.666666666666666

