key=10000
values=[2747071.0, 2744792.0, 2761197.0]
avg_val=2751020.0

key=100000
values=[184992.0, 171377.0, 217192.0]
avg_val=191187.0

key=1000000
values=[7082.0, 7620.0, 7707.0]
avg_val=7469.666666666667

key=5000000
values=[999.0, 1118.0, 1145.0]
avg_val=1087.3333333333333

