key=10000
values=[1456410.0, 1524872.0, 1535077.0]
avg_val=1505453.0

key=100000
values=[179338.0, 200986.0, 271675.0]
avg_val=217333.0

key=1000000
values=[10967.0, 9450.0, 11079.0]
avg_val=10498.666666666666

key=5000000
values=[1568.0, 1706.0, 1608.0]
avg_val=1627.3333333333333

