key=10000
values=[14723.0, 15387.0, 15524.0]
avg_val=15211.333333333334

key=100000
values=[1821.0, 2032.0, 2754.0]
avg_val=2202.3333333333335

key=1000000
values=[109.0, 94.0, 113.0]
avg_val=105.33333333333333

key=5000000
values=[15.0, 16.0, 15.0]
avg_val=15.333333333333334

