key=10000
values=[3677675.0, 3851103.0, 3876890.0]
avg_val=3801889.3333333335

key=100000
values=[453080.0, 507474.0, 686271.0]
avg_val=548941.6666666666

key=1000000
values=[27697.0, 23842.0, 27941.0]
avg_val=26493.333333333332

key=5000000
values=[3959.0, 4357.0, 4039.0]
avg_val=4118.333333333333

