key=10000
values=[2206540.0, 2310843.0, 2326289.0]
avg_val=2281224.0

key=100000
values=[271921.0, 304456.0, 411841.0]
avg_val=329406.0

key=1000000
values=[16621.0, 14297.0, 16748.0]
avg_val=15888.666666666666

key=5000000
values=[2375.0, 2633.0, 2415.0]
avg_val=2474.3333333333335

