key=10000
values=[1726824.0, 1708618.0, 1643169.0]
avg_val=1692870.3333333333

key=100000
values=[192259.0, 183235.0, 191301.0]
avg_val=188931.66666666666

key=1000000
values=[5548.0, 6096.0, 5800.0]
avg_val=5814.666666666667

key=5000000
values=[801.0, 852.0, 836.0]
avg_val=829.6666666666666

