key=10000
values=[17455.0, 17227.0, 16571.0]
avg_val=17084.333333333332

key=100000
values=[1934.0, 1861.0, 1941.0]
avg_val=1912.0

key=1000000
values=[51.0, 56.0, 57.0]
avg_val=54.666666666666664

key=5000000
values=[8.0, 8.0, 9.0]
avg_val=8.333333333333334

