key=10000
values=[1744279.0, 1725845.0, 1659741.0]
avg_val=1709955.0

key=100000
values=[194194.0, 185096.0, 193242.0]
avg_val=190844.0

key=1000000
values=[5600.0, 6153.0, 5858.0]
avg_val=5870.333333333333

key=5000000
values=[810.0, 860.0, 845.0]
avg_val=838.3333333333334

