key=10000
values=[10318669.0, 10096214.0, 10212979.0]
avg_val=10209287.333333334

key=100000
values=[6733159.0, 6631915.0, 6712048.0]
avg_val=6692374.0

key=1000000
values=[2596324.0, 2528461.0, 2937517.0]
avg_val=2687434.0

key=8000000
values=[1227014.0, 1316411.0, 1355181.0]
avg_val=1299535.3333333333

