key=10000
values=[1601340.0, 1598656.0, 1590233.0]
avg_val=1596743.0

key=100000
values=[1272416.0, 1202822.0, 1162041.0]
avg_val=1212426.3333333333

key=1000000
values=[433935.0, 439568.0, 395757.0]
avg_val=423086.6666666667

key=8000000
values=[250624.0, 258229.0, 239843.0]
avg_val=249565.33333333334

