key=10000
values=[4003746.0, 3996185.0, 3974978.0]
avg_val=3991636.3333333335

key=100000
values=[3181280.0, 3006662.0, 2904389.0]
avg_val=3030777.0

key=1000000
values=[1084824.0, 1099264.0, 989168.0]
avg_val=1057752.0

key=8000000
values=[626792.0, 645686.0, 599589.0]
avg_val=624022.3333333334

