key=10000
values=[2402405.0, 2397528.0, 2384745.0]
avg_val=2394892.6666666665

key=100000
values=[1908863.0, 1803840.0, 1742347.0]
avg_val=1818350.0

key=1000000
values=[650889.0, 659696.0, 593410.0]
avg_val=634665.0

key=8000000
values=[376168.0, 387457.0, 359745.0]
avg_val=374456.6666666667

