key=10000
values=[905078.0, 900456.0, 898295.0]
avg_val=901276.3333333334

key=100000
values=[504459.0, 549151.0, 552824.0]
avg_val=535478.0

key=1000000
values=[272681.0, 283817.0, 275913.0]
avg_val=277470.3333333333

key=5000000
values=[178349.0, 191247.0, 180960.0]
avg_val=183518.66666666666

