key=10000
values=[2263092.0, 2251351.0, 2245676.0]
avg_val=2253373.0

key=100000
values=[1261102.0, 1373325.0, 1381783.0]
avg_val=1338736.6666666667

key=1000000
values=[681545.0, 709765.0, 690223.0]
avg_val=693844.3333333334

key=5000000
values=[446129.0, 478014.0, 452604.0]
avg_val=458915.6666666667

