key=10000
values=[1358014.0, 1350895.0, 1347381.0]
avg_val=1352096.6666666667

key=100000
values=[756643.0, 824174.0, 828959.0]
avg_val=803258.6666666666

key=1000000
values=[408863.0, 425948.0, 414309.0]
avg_val=416373.3333333333

key=5000000
values=[267780.0, 286766.0, 271644.0]
avg_val=275396.6666666667

