key=10000
values=[1089304.0, 1083417.0, 1070577.0]
avg_val=1081099.3333333333

key=100000
values=[879824.0, 870199.0, 862368.0]
avg_val=870797.0

key=1000000
values=[418613.0, 411028.0, 416812.0]
avg_val=415484.3333333333

key=5000000
values=[197240.0, 192201.0, 206287.0]
avg_val=198576.0

