key=10000
values=[2723362.0, 2707631.0, 2676096.0]
avg_val=2702363.0

key=100000
values=[2200196.0, 2175608.0, 2155648.0]
avg_val=2177150.6666666665

key=1000000
values=[1046294.0, 1027801.0, 1041961.0]
avg_val=1038685.3333333334

key=5000000
values=[492977.0, 480545.0, 515524.0]
avg_val=496348.6666666667

