key=10000
values=[1634057.0, 1624214.0, 1605519.0]
avg_val=1621263.3333333333

key=100000
values=[1320371.0, 1305409.0, 1293280.0]
avg_val=1306353.3333333333

key=1000000
values=[627681.0, 616773.0, 625148.0]
avg_val=623200.6666666666

key=5000000
values=[295737.0, 288343.0, 309237.0]
avg_val=297772.3333333333

