key=10000
values=[4891501.0, 4913947.0, 4879373.0]
avg_val=4894940.333333333

key=100000
values=[2778745.0, 2758903.0, 2800769.0]
avg_val=2779472.3333333335

key=1000000
values=[1067989.0, 1004061.0, 1098054.0]
avg_val=1056701.3333333333

key=8000000
values=[526776.0, 500040.0, 464751.0]
avg_val=497189.0

