key=10000
values=[1670823.0, 1669783.0, 1700767.0]
avg_val=1680457.6666666667

key=100000
values=[965045.0, 972875.0, 967391.0]
avg_val=968437.0

key=1000000
values=[342030.0, 372502.0, 343796.0]
avg_val=352776.0

key=8000000
values=[181599.0, 181603.0, 181965.0]
avg_val=181722.33333333334

