key=10000
values=[4177143.0, 4175339.0, 4252349.0]
avg_val=4201610.333333333

key=100000
values=[2412371.0, 2431495.0, 2417994.0]
avg_val=2420620.0

key=1000000
values=[855379.0, 931093.0, 859779.0]
avg_val=882083.6666666666

key=8000000
values=[454452.0, 454025.0, 454678.0]
avg_val=454385.0

