key=10000
values=[2506320.0, 2505555.0, 2551582.0]
avg_val=2521152.3333333335

key=100000
values=[1447325.0, 1458620.0, 1450603.0]
avg_val=1452182.6666666667

key=1000000
values=[513349.0, 558591.0, 515983.0]
avg_val=529307.6666666666

key=8000000
values=[272852.0, 272421.0, 272713.0]
avg_val=272662.0

