key=10000
values=[3930871.0, 4072512.0, 3906567.0]
avg_val=3969983.3333333335

key=100000
values=[4043443.0, 5634770.0, 3737578.0]
avg_val=4471930.333333333

key=1000000
values=[3773148.0, 3035892.0, 4064125.0]
avg_val=3624388.3333333335

