key=10000
values=[9826418.0, 10180874.0, 9766829.0]
avg_val=9924707.0

key=100000
values=[10108498.0, 14089052.0, 9343369.0]
avg_val=11180306.333333334

key=1000000
values=[9435289.0, 7590060.0, 10159381.0]
avg_val=9061576.666666666

