key=10000
values=[5895546.0, 6108361.0, 5860261.0]
avg_val=5954722.666666667

key=100000
values=[6065055.0, 8454281.0, 5605791.0]
avg_val=6708375.666666667

key=1000000
values=[5662141.0, 4554168.0, 6095256.0]
avg_val=5437188.333333333

