key=10000
values=[2719695.0, 2732331.0, 2724029.0]
avg_val=2725351.6666666665

key=100000
values=[186143.0, 232119.0, 207391.0]
avg_val=208551.0

key=1000000
values=[7892.0, 7998.0, 7298.0]
avg_val=7729.333333333333

key=5000000
values=[1305.0, 1214.0, 1199.0]
avg_val=1239.3333333333333

