key=10000
values=[27474.0, 27573.0, 27522.0]
avg_val=27523.0

key=100000
values=[1872.0, 2339.0, 2097.0]
avg_val=2102.6666666666665

key=1000000
values=[77.0, 80.0, 71.0]
avg_val=76.0

key=5000000
values=[12.0, 11.0, 11.0]
avg_val=11.333333333333334

