key=10000
values=[2747169.0, 2759904.0, 2751552.0]
avg_val=2752875.0

key=100000
values=[188015.0, 234458.0, 209489.0]
avg_val=210654.0

key=1000000
values=[7969.0, 8078.0, 7369.0]
avg_val=7805.333333333333

key=5000000
values=[1317.0, 1226.0, 1211.0]
avg_val=1251.3333333333333

