key=10000
values=[967376.0, 970576.0, 955840.0]
avg_val=964597.3333333334

key=100000
values=[83893.0, 70302.0, 59343.0]
avg_val=71179.33333333333

key=1000000
values=[7265.0, 7308.0, 7890.0]
avg_val=7487.666666666667

key=5000000
values=[983.0, 1072.0, 1047.0]
avg_val=1034.0

