key=10000
values=[9785.0, 9789.0, 9701.0]
avg_val=9758.333333333334

key=100000
values=[846.0, 708.0, 605.0]
avg_val=719.6666666666666

key=1000000
values=[73.0, 74.0, 79.0]
avg_val=75.33333333333333

key=5000000
values=[10.0, 11.0, 9.0]
avg_val=10.0

