key=10000
values=[2442573.0, 2451013.0, 2414014.0]
avg_val=2435866.6666666665

key=100000
values=[211890.0, 177566.0, 149764.0]
avg_val=179740.0

key=1000000
values=[18297.0, 18419.0, 19868.0]
avg_val=18861.333333333332

key=5000000
values=[2474.0, 2732.0, 2637.0]
avg_val=2614.3333333333335

