key=10000
values=[1294229.0, 1297994.0, 1297943.0]
avg_val=1296722.0

key=100000
values=[709299.0, 720455.0, 686798.0]
avg_val=705517.3333333334

key=1000000
values=[264058.0, 254003.0, 263766.0]
avg_val=260609.0

key=5000000
values=[155853.0, 171445.0, 161308.0]
avg_val=162868.66666666666

