key=10000
values=[3234922.0, 3245320.0, 3244739.0]
avg_val=3241660.3333333335

key=100000
values=[1772933.0, 1801968.0, 1717059.0]
avg_val=1763986.6666666667

key=1000000
values=[660393.0, 635060.0, 659320.0]
avg_val=651591.0

key=5000000
values=[389751.0, 428826.0, 403256.0]
avg_val=407277.6666666667

