key=10000
values=[1940693.0, 1947325.0, 1946796.0]
avg_val=1944938.0

key=100000
values=[1063633.0, 1081513.0, 1030261.0]
avg_val=1058469.0

key=1000000
values=[396335.0, 381057.0, 395553.0]
avg_val=390981.6666666667

key=5000000
values=[233898.0, 257381.0, 241947.0]
avg_val=244408.66666666666

