key=10000
values=[15629546.0, 16034953.0, 15296553.0]
avg_val=15653684.0

key=100000
values=[7306559.0, 7100069.0, 7072243.0]
avg_val=7159623.666666667

key=1000000
values=[1796130.0, 1698389.0, 1885900.0]
avg_val=1793473.0

key=8000000
values=[790164.0, 768054.0, 808202.0]
avg_val=788806.6666666666

