key=10000
values=[1034562.0, 1014722.0, 1021143.0]
avg_val=1023475.6666666666

key=100000
values=[547886.0, 532633.0, 558731.0]
avg_val=546416.6666666666

key=1000000
values=[302491.0, 310577.0, 300813.0]
avg_val=304627.0

key=5000000
values=[194046.0, 192266.0, 192208.0]
avg_val=192840.0

