key=10000
values=[2585820.0, 2536498.0, 2552198.0]
avg_val=2558172.0

key=100000
values=[1369494.0, 1331259.0, 1397045.0]
avg_val=1365932.6666666667

key=1000000
values=[756055.0, 776623.0, 751790.0]
avg_val=761489.3333333334

key=5000000
values=[485152.0, 480539.0, 480404.0]
avg_val=482031.6666666667

