key=10000
values=[1551257.0, 1521776.0, 1531055.0]
avg_val=1534696.0

key=100000
values=[821608.0, 798625.0, 838313.0]
avg_val=819515.3333333334

key=1000000
values=[453563.0, 466045.0, 450977.0]
avg_val=456861.6666666667

key=5000000
values=[291105.0, 288272.0, 288195.0]
avg_val=289190.6666666667

