key=10000
values=[1050571.0, 1063001.0, 1064716.0]
avg_val=1059429.3333333333

key=100000
values=[82386.0, 78574.0, 82913.0]
avg_val=81291.0

key=1000000
values=[6980.0, 7823.0, 8304.0]
avg_val=7702.333333333333

key=5000000
values=[1022.0, 988.0, 1123.0]
avg_val=1044.3333333333333

