key=10000
values=[1768473.0, 1789550.0, 1792763.0]
avg_val=1783595.3333333333

key=100000
values=[138748.0, 132246.0, 139637.0]
avg_val=136877.0

key=1000000
values=[11717.0, 13164.0, 13957.0]
avg_val=12946.0

key=5000000
values=[1727.0, 1674.0, 1889.0]
avg_val=1763.3333333333333

