key=10000
values=[707265.0, 715805.0, 717284.0]
avg_val=713451.3333333334

key=100000
values=[55532.0, 52876.0, 55886.0]
avg_val=54764.666666666664

key=1000000
values=[4668.0, 5259.0, 5568.0]
avg_val=5165.0

key=5000000
values=[694.0, 675.0, 755.0]
avg_val=708.0

