key=10000
values=[920697.0, 922624.0, 910345.0]
avg_val=917888.6666666666

key=100000
values=[77654.0, 81800.0, 73668.0]
avg_val=77707.33333333333

key=1000000
values=[7429.0, 7656.0, 6984.0]
avg_val=7356.333333333333

key=5000000
values=[1172.0, 1005.0, 1138.0]
avg_val=1105.0

