key=10000
values=[9315.0, 9338.0, 9201.0]
avg_val=9284.666666666666

key=100000
values=[791.0, 824.0, 749.0]
avg_val=788.0

key=1000000
values=[75.0, 79.0, 70.0]
avg_val=74.66666666666667

key=5000000
values=[11.0, 11.0, 10.0]
avg_val=10.666666666666666

