key=10000
values=[1395433.0, 1397840.0, 1379075.0]
avg_val=1390782.6666666667

key=100000
values=[117688.0, 124092.0, 111758.0]
avg_val=117846.0

key=1000000
values=[11286.0, 11543.0, 10602.0]
avg_val=11143.666666666666

key=5000000
values=[1747.0, 1513.0, 1728.0]
avg_val=1662.6666666666667

