key=10000
values=[1664217.0, 1657441.0, 1669741.0]
avg_val=1663799.6666666667

key=100000
values=[946878.0, 941133.0, 952217.0]
avg_val=946742.6666666666

key=1000000
values=[379824.0, 383962.0, 336326.0]
avg_val=366704.0

key=5000000
values=[229474.0, 228554.0, 249920.0]
avg_val=235982.66666666666

