key=10000
values=[2773351.0, 2762782.0, 2782823.0]
avg_val=2772985.3333333335

key=100000
values=[1578118.0, 1568928.0, 1586984.0]
avg_val=1578010.0

key=1000000
values=[633121.0, 639573.0, 560436.0]
avg_val=611043.3333333334

key=5000000
values=[382291.0, 380857.0, 416437.0]
avg_val=393195.0

