key=10000
values=[2714520.0, 2773240.0, 2741717.0]
avg_val=2743159.0

key=100000
values=[202162.0, 234926.0, 217460.0]
avg_val=218182.66666666666

key=1000000
values=[7249.0, 7495.0, 7464.0]
avg_val=7402.666666666667

key=5000000
values=[918.0, 1262.0, 1264.0]
avg_val=1148.0

