key=10000
values=[2741932.0, 2801210.0, 2769369.0]
avg_val=2770837.0

key=100000
values=[204204.0, 237308.0, 219649.0]
avg_val=220387.0

key=1000000
values=[7321.0, 7568.0, 7537.0]
avg_val=7475.333333333333

key=5000000
values=[928.0, 1275.0, 1276.0]
avg_val=1159.6666666666667

