key=10000
values=[1293404.0, 1296405.0, 1258916.0]
avg_val=1282908.3333333333

key=100000
values=[221964.0, 235846.0, 262850.0]
avg_val=240220.0

key=1000000
values=[9050.0, 8200.0, 8824.0]
avg_val=8691.333333333334

key=5000000
values=[1077.0, 1203.0, 1182.0]
avg_val=1154.0

