key=10000
values=[13034.0, 13119.0, 12683.0]
avg_val=12945.333333333334

key=100000
values=[2246.0, 2377.0, 2640.0]
avg_val=2421.0

key=1000000
values=[90.0, 83.0, 89.0]
avg_val=87.33333333333333

key=5000000
values=[11.0, 12.0, 12.0]
avg_val=11.666666666666666

