key=10000
values=[1959300.0, 1964672.0, 1907988.0]
avg_val=1943986.6666666667

key=100000
values=[336730.0, 357018.0, 397818.0]
avg_val=363855.3333333333

key=1000000
values=[13703.0, 12448.0, 13339.0]
avg_val=13163.333333333334

key=5000000
values=[1600.0, 1845.0, 1760.0]
avg_val=1735.0

