key=10000
values=[1556196.0, 1578370.0, 1588102.0]
avg_val=1574222.6666666667

key=100000
values=[1584755.0, 1678693.0, 1701073.0]
avg_val=1654840.3333333333

key=1000000
values=[685729.0, 691039.0, 650960.0]
avg_val=675909.3333333334

key=5000000
values=[299880.0, 257400.0, 218695.0]
avg_val=258658.33333333334

