key=10000
values=[52517350.0, 55038345.0, 55425795.0]
avg_val=54327163.333333336

key=100000
values=[53776121.0, 48970446.0, 55195341.0]
avg_val=52647302.666666664

key=1000000
values=[49698965.0, 53743094.0, 53696394.0]
avg_val=52379484.333333336

