key=10000
values=[2918908.0, 3085383.0, 3087814.0]
avg_val=3030701.6666666665

key=100000
values=[1389267.0, 1354334.0, 1434727.0]
avg_val=1392776.0

key=1000000
values=[586361.0, 586988.0, 607969.0]
avg_val=593772.6666666666

key=5000000
values=[301931.0, 291316.0, 303819.0]
avg_val=299022.0

