key=10000
values=[1558976.0, 1592172.0, 1570027.0]
avg_val=1573725.0

key=100000
values=[1457113.0, 1269283.0, 1317716.0]
avg_val=1348037.3333333333

key=1000000
values=[737597.0, 807150.0, 743153.0]
avg_val=762633.3333333334

key=5000000
values=[336325.0, 328537.0, 350267.0]
avg_val=338376.3333333333

