key=10000
values=[10226007.0, 10194659.0, 10468317.0]
avg_val=10296327.666666666

key=100000
values=[6963159.0, 6994188.0, 6900159.0]
avg_val=6952502.0

key=1000000
values=[3336221.0, 2862287.0, 2187869.0]
avg_val=2795459.0

key=8000000
values=[1452429.0, 1436240.0, 1433681.0]
avg_val=1440783.3333333333

