key=10000
values=[1755783.0, 1742753.0, 1726251.0]
avg_val=1741595.6666666667

key=100000
values=[1566663.0, 1558178.0, 1561859.0]
avg_val=1562233.3333333333

key=1000000
values=[872713.0, 817062.0, 930482.0]
avg_val=873419.0

key=8000000
values=[282623.0, 292804.0, 284287.0]
avg_val=286571.3333333333

