key=10000
values=[4389412.0, 4357044.0, 4315860.0]
avg_val=4354105.333333333

key=100000
values=[3916752.0, 3895975.0, 3904175.0]
avg_val=3905634.0

key=1000000
values=[2181925.0, 2043043.0, 2327262.0]
avg_val=2184076.6666666665

key=8000000
values=[706532.0, 731616.0, 710570.0]
avg_val=716239.3333333334

