key=10000
values=[15070124.0, 13857185.0, 14560603.0]
avg_val=14495970.666666666

key=100000
values=[14169515.0, 20050016.0, 14107960.0]
avg_val=16109163.666666666

key=1000000
values=[12044207.0, 11619368.0, 14131777.0]
avg_val=12598450.666666666

