key=10000
values=[6935112.0, 6999237.0, 6913142.0]
avg_val=6949163.666666667

key=100000
values=[4189868.0, 4197273.0, 4257775.0]
avg_val=4214972.0

key=1000000
values=[1890188.0, 1972400.0, 1950047.0]
avg_val=1937545.0

key=8000000
values=[690790.0, 781677.0, 935763.0]
avg_val=802743.3333333334

