key=10000
values=[1174975.0, 1164849.0, 1195958.0]
avg_val=1178594.0

key=100000
values=[95659.0, 137625.0, 118714.0]
avg_val=117332.66666666667

key=1000000
values=[11341.0, 10993.0, 10564.0]
avg_val=10966.0

key=5000000
values=[1394.0, 1452.0, 1674.0]
avg_val=1506.6666666666667

