key=10000
values=[11885.0, 11775.0, 12090.0]
avg_val=11916.666666666666

key=100000
values=[963.0, 1393.0, 1196.0]
avg_val=1184.0

key=1000000
values=[112.0, 110.0, 108.0]
avg_val=110.0

key=5000000
values=[15.0, 15.0, 17.0]
avg_val=15.666666666666666

