key=10000
values=[2967003.0, 2941307.0, 3020169.0]
avg_val=2976159.6666666665

key=100000
values=[241623.0, 347397.0, 299728.0]
avg_val=296249.3333333333

key=1000000
values=[28648.0, 27751.0, 26634.0]
avg_val=27677.666666666668

key=5000000
values=[3506.0, 3665.0, 4231.0]
avg_val=3800.6666666666665

