key=10000
values=[1780143.0, 1764682.0, 1812120.0]
avg_val=1785648.3333333333

key=100000
values=[144999.0, 208378.0, 179817.0]
avg_val=177731.33333333334

key=1000000
values=[17193.0, 16647.0, 15961.0]
avg_val=16600.333333333332

key=5000000
values=[2096.0, 2197.0, 2539.0]
avg_val=2277.3333333333335

