key=10000
values=[3937781.0, 3939474.0, 3949986.0]
avg_val=3942413.6666666665

key=100000
values=[2903157.0, 3152405.0, 2289473.0]
avg_val=2781678.3333333335

key=1000000
values=[1152483.0, 1079907.0, 1206674.0]
avg_val=1146354.6666666667

key=5000000
values=[648094.0, 561661.0, 532562.0]
avg_val=580772.3333333334

