key=10000
values=[2362483.0, 2363821.0, 2369783.0]
avg_val=2365362.3333333335

key=100000
values=[1741876.0, 1891820.0, 1373604.0]
avg_val=1669100.0

key=1000000
values=[691480.0, 648021.0, 723815.0]
avg_val=687772.0

key=5000000
values=[388823.0, 336908.0, 319468.0]
avg_val=348399.6666666667

