key=10000
values=[2713238.0, 2728026.0, 2740969.0]
avg_val=2727411.0

key=100000
values=[1990632.0, 2047666.0, 2036122.0]
avg_val=2024806.6666666667

key=1000000
values=[888205.0, 859976.0, 830676.0]
avg_val=859619.0

key=8000000
values=[392720.0, 420171.0, 485496.0]
avg_val=432795.6666666667

