key=10000
values=[6783142.0, 6818670.0, 6852517.0]
avg_val=6818109.666666667

key=100000
values=[4976410.0, 5118293.0, 5089760.0]
avg_val=5061487.666666667

key=1000000
values=[2220537.0, 2149927.0, 2077257.0]
avg_val=2149240.3333333335

key=8000000
values=[982155.0, 1050292.0, 1213695.0]
avg_val=1082047.3333333333

