key=10000
values=[2081357.0, 2153272.0, 2053587.0]
avg_val=2096072.0

key=100000
values=[1353401.0, 1395658.0, 1416704.0]
avg_val=1388587.6666666667

key=1000000
values=[509714.0, 547609.0, 528859.0]
avg_val=528727.3333333334

key=5000000
values=[306421.0, 306388.0, 306421.0]
avg_val=306410.0

