key=10000
values=[1157050.0, 1153761.0, 1163719.0]
avg_val=1158176.6666666667

key=100000
values=[155693.0, 175523.0, 151786.0]
avg_val=161000.66666666666

key=1000000
values=[5458.0, 4142.0, 4924.0]
avg_val=4841.333333333333

key=5000000
values=[765.0, 844.0, 790.0]
avg_val=799.6666666666666

