key=10000
values=[11717.0, 11658.0, 11804.0]
avg_val=11726.333333333334

key=100000
values=[1574.0, 1782.0, 1535.0]
avg_val=1630.3333333333333

key=1000000
values=[54.0, 43.0, 50.0]
avg_val=49.0

key=5000000
values=[7.0, 8.0, 8.0]
avg_val=7.666666666666667

