key=10000
values=[2922082.0, 2912862.0, 2938531.0]
avg_val=2924491.6666666665

key=100000
values=[393114.0, 443392.0, 383484.0]
avg_val=406663.3333333333

key=1000000
values=[13801.0, 10469.0, 12443.0]
avg_val=12237.666666666666

key=5000000
values=[1918.0, 2116.0, 1999.0]
avg_val=2011.0

