key=10000
values=[1753313.0, 1747442.0, 1763007.0]
avg_val=1754587.3333333333

key=100000
values=[235845.0, 266086.0, 230161.0]
avg_val=244030.66666666666

key=1000000
values=[8287.0, 6283.0, 7468.0]
avg_val=7346.0

key=5000000
values=[1145.0, 1263.0, 1200.0]
avg_val=1202.6666666666667

