key=10000
values=[1862246.0, 1846874.0, 1810586.0]
avg_val=1839902.0

key=100000
values=[1761177.0, 1695546.0, 1734860.0]
avg_val=1730527.6666666667

key=1000000
values=[770942.0, 743033.0, 813541.0]
avg_val=775838.6666666666

key=5000000
values=[292700.0, 304871.0, 304627.0]
avg_val=300732.6666666667

