key=10000
values=[4655982.0, 4617647.0, 4525586.0]
avg_val=4599738.333333333

key=100000
values=[4403392.0, 4238953.0, 4336835.0]
avg_val=4326393.333333333

key=1000000
values=[1926579.0, 1858110.0, 2033926.0]
avg_val=1939538.3333333333

key=5000000
values=[731843.0, 761426.0, 761252.0]
avg_val=751507.0

