key=10000
values=[2793735.0, 2770772.0, 2715000.0]
avg_val=2759835.6666666665

key=100000
values=[2642215.0, 2543407.0, 2601974.0]
avg_val=2595865.3333333335

key=1000000
values=[1155637.0, 1115076.0, 1220384.0]
avg_val=1163699.0

key=5000000
values=[439143.0, 456554.0, 456624.0]
avg_val=450773.6666666667

