key=10000
values=[4424148.0, 4514760.0, 4457234.0]
avg_val=4465380.666666667

key=100000
values=[2505713.0, 2503565.0, 2502010.0]
avg_val=2503762.6666666665

key=1000000
values=[938485.0, 897607.0, 843429.0]
avg_val=893173.6666666666

key=8000000
values=[456019.0, 412332.0, 431177.0]
avg_val=433176.0

