key=10000
values=[3017377.0, 2978844.0, 3051100.0]
avg_val=3015773.6666666665

key=100000
values=[2000301.0, 2036859.0, 1998090.0]
avg_val=2011750.0

key=1000000
values=[694021.0, 706752.0, 701975.0]
avg_val=700916.0

key=8000000
values=[440778.0, 401695.0, 460602.0]
avg_val=434358.3333333333

