key=10000
values=[4526089.0, 4466485.0, 4575687.0]
avg_val=4522753.666666667

key=100000
values=[3000289.0, 3054968.0, 2996871.0]
avg_val=3017376.0

key=1000000
values=[1041238.0, 1060544.0, 1053141.0]
avg_val=1051641.0

key=8000000
values=[660952.0, 602539.0, 690560.0]
avg_val=651350.3333333334

