key=10000
values=[15873573.0, 15754388.0, 15512974.0]
avg_val=15713645.0

key=100000
values=[11227362.0, 11160132.0, 11126932.0]
avg_val=11171475.333333334

key=1000000
values=[6799904.0, 6770615.0, 6808102.0]
avg_val=6792873.666666667

key=8000000
values=[2134504.0, 2227809.0, 2154473.0]
avg_val=2172262.0

