key=10000
values=[2267180.0, 2207975.0, 2192452.0]
avg_val=2222535.6666666665

key=100000
values=[1834598.0, 1611508.0, 1558834.0]
avg_val=1668313.3333333333

key=1000000
values=[686154.0, 645302.0, 715885.0]
avg_val=682447.0

key=5000000
values=[305725.0, 331646.0, 310638.0]
avg_val=316003.0

