key=10000
values=[3778830.0, 3679469.0, 3653814.0]
avg_val=3704037.6666666665

key=100000
values=[3057550.0, 2685654.0, 2597743.0]
avg_val=2780315.6666666665

key=1000000
values=[1143503.0, 1075474.0, 1193091.0]
avg_val=1137356.0

key=5000000
values=[509755.0, 552789.0, 517854.0]
avg_val=526799.3333333334

