key=10000
values=[1511649.0, 1471493.0, 1461362.0]
avg_val=1481501.3333333333

key=100000
values=[1222951.0, 1074146.0, 1038908.0]
avg_val=1112001.6666666667

key=1000000
values=[457349.0, 430171.0, 477206.0]
avg_val=454908.6666666667

key=5000000
values=[204029.0, 221142.0, 207215.0]
avg_val=210795.33333333334

