key=10000
values=[959603.0, 984825.0, 970571.0]
avg_val=971666.3333333334

key=100000
values=[99458.0, 94639.0, 102978.0]
avg_val=99025.0

key=1000000
values=[6258.0, 6701.0, 7916.0]
avg_val=6958.333333333333

key=5000000
values=[1042.0, 1034.0, 949.0]
avg_val=1008.3333333333334

