key=10000
values=[9743.0, 9912.0, 9765.0]
avg_val=9806.666666666666

key=100000
values=[1017.0, 953.0, 1034.0]
avg_val=1001.3333333333334

key=1000000
values=[64.0, 69.0, 80.0]
avg_val=71.0

key=5000000
values=[10.0, 10.0, 11.0]
avg_val=10.333333333333334

