key=10000
values=[2423030.0, 2486217.0, 2450835.0]
avg_val=2453360.6666666665

key=100000
values=[251232.0, 239037.0, 260012.0]
avg_val=250093.66666666666

key=1000000
values=[15822.0, 16979.0, 19964.0]
avg_val=17588.333333333332

key=5000000
values=[2647.0, 2623.0, 2415.0]
avg_val=2561.6666666666665

