key=10000
values=[1453684.0, 1491479.0, 1470498.0]
avg_val=1471887.0

key=100000
values=[150756.0, 143444.0, 155999.0]
avg_val=150066.33333333334

key=1000000
values=[9500.0, 10208.0, 11967.0]
avg_val=10558.333333333334

key=5000000
values=[1594.0, 1577.0, 1454.0]
avg_val=1541.6666666666667

