key=10000
values=[3494551.0, 3674032.0, 5391390.0]
avg_val=4186657.6666666665

key=100000
values=[2486828.0, 1782936.0, 1838350.0]
avg_val=2036038.0

key=1000000
values=[2256229.0, 1305977.0, 1284130.0]
avg_val=1615445.3333333333

