key=10000
values=[8737951.0, 9184929.0, 13479322.0]
avg_val=10467400.666666666

key=100000
values=[6218447.0, 4457359.0, 4595361.0]
avg_val=5090389.0

key=1000000
values=[5639415.0, 3265017.0, 3210616.0]
avg_val=4038349.3333333335

