key=10000
values=[5243399.0, 5510896.0, 8087931.0]
avg_val=6280742.0

key=100000
values=[3731619.0, 2674423.0, 2757010.0]
avg_val=3054350.6666666665

key=1000000
values=[3383185.0, 1959040.0, 1926486.0]
avg_val=2422903.6666666665

