key=10000
values=[1099429.0, 1101956.0, 1093411.0]
avg_val=1098265.3333333333

key=100000
values=[80102.0, 77165.0, 68105.0]
avg_val=75124.0

key=1000000
values=[10394.0, 10206.0, 9540.0]
avg_val=10046.666666666666

key=5000000
values=[1369.0, 1654.0, 1724.0]
avg_val=1582.3333333333333

