key=10000
values=[11082.0, 11129.0, 11081.0]
avg_val=11097.333333333334

key=100000
values=[816.0, 779.0, 689.0]
avg_val=761.3333333333334

key=1000000
values=[106.0, 104.0, 95.0]
avg_val=101.66666666666667

key=5000000
values=[15.0, 17.0, 17.0]
avg_val=16.333333333333332

