key=10000
values=[1666128.0, 1669948.0, 1656579.0]
avg_val=1664218.3333333333

key=100000
values=[121449.0, 117086.0, 103428.0]
avg_val=113987.66666666667

key=1000000
values=[15760.0, 15392.0, 14469.0]
avg_val=15207.0

key=5000000
values=[2082.0, 2502.0, 2616.0]
avg_val=2400.0

