key=10000
values=[1045616.0, 1045799.0, 1018245.0]
avg_val=1036553.3333333334

key=100000
values=[109942.0, 137895.0, 101681.0]
avg_val=116506.0

key=1000000
values=[8888.0, 7752.0, 7530.0]
avg_val=8056.666666666667

key=5000000
values=[1034.0, 1053.0, 1316.0]
avg_val=1134.3333333333333

