key=10000
values=[10573.0, 10578.0, 10311.0]
avg_val=10487.333333333334

key=100000
values=[1114.0, 1398.0, 1030.0]
avg_val=1180.6666666666667

key=1000000
values=[87.0, 72.0, 72.0]
avg_val=77.0

key=5000000
values=[10.0, 11.0, 12.0]
avg_val=11.0

