key=10000
values=[1760373.0, 1760722.0, 1714307.0]
avg_val=1745134.0

key=100000
values=[185105.0, 232208.0, 171172.0]
avg_val=196161.66666666666

key=1000000
values=[14897.0, 13018.0, 12654.0]
avg_val=13523.0

key=5000000
values=[1744.0, 1781.0, 2219.0]
avg_val=1914.6666666666667

