key=10000
values=[704183.0, 704345.0, 685750.0]
avg_val=698092.6666666666

key=100000
values=[74048.0, 92914.0, 68460.0]
avg_val=78474.0

key=1000000
values=[5922.0, 5194.0, 5051.0]
avg_val=5389.0

key=5000000
values=[700.0, 716.0, 890.0]
avg_val=768.6666666666666

