key=10000
values=[42468.0, 42947.0, 43747.0]
avg_val=43054.0

key=100000
values=[2531.0, 2636.0, 3600.0]
avg_val=2922.3333333333335

key=1000000
values=[101.0, 97.0, 94.0]
avg_val=97.33333333333333

key=5000000
values=[10.0, 13.0, 10.0]
avg_val=11.0

