key=10000
values=[4248350.0, 4289717.0, 4376746.0]
avg_val=4304937.666666667

key=100000
values=[251881.0, 264034.0, 363080.0]
avg_val=292998.3333333333

key=1000000
values=[10012.0, 9703.0, 9514.0]
avg_val=9743.0

key=5000000
values=[1168.0, 1369.0, 1094.0]
avg_val=1210.3333333333333

