key=10000
values=[4090476.0, 3823753.0, 4046212.0]
avg_val=3986813.6666666665

key=100000
values=[3741364.0, 3035380.0, 3031624.0]
avg_val=3269456.0

key=1000000
values=[1225185.0, 1170852.0, 1187118.0]
avg_val=1194385.0

key=5000000
values=[627685.0, 562356.0, 666259.0]
avg_val=618766.6666666666

