key=10000
values=[2454571.0, 2294372.0, 2427867.0]
avg_val=2392270.0

key=100000
values=[2244939.0, 1820896.0, 1818793.0]
avg_val=1961542.6666666667

key=1000000
values=[735021.0, 702492.0, 712454.0]
avg_val=716655.6666666666

key=5000000
values=[376609.0, 337421.0, 399657.0]
avg_val=371229.0

