key=10000
values=[3391155.0, 3371485.0, 3405786.0]
avg_val=3389475.3333333335

key=100000
values=[2297154.0, 2221274.0, 2260059.0]
avg_val=2259495.6666666665

key=1000000
values=[800404.0, 771784.0, 840396.0]
avg_val=804194.6666666666

key=5000000
values=[375096.0, 392647.0, 410932.0]
avg_val=392891.6666666667

