key=10000
values=[5651586.0, 5779676.0, 5569348.0]
avg_val=5666870.0

key=100000
values=[237928.0, 245486.0, 231707.0]
avg_val=238373.66666666666

key=1000000
values=[12576.0, 10752.0, 11405.0]
avg_val=11577.666666666666

key=5000000
values=[1598.0, 1803.0, 1640.0]
avg_val=1680.3333333333333

