key=10000
values=[57118.0, 58403.0, 56293.0]
avg_val=57271.333333333336

key=100000
values=[2414.0, 2465.0, 2345.0]
avg_val=2408.0

key=1000000
values=[124.0, 108.0, 115.0]
avg_val=115.66666666666667

key=5000000
values=[16.0, 17.0, 17.0]
avg_val=16.666666666666668

