key=10000
values=[5708704.0, 5838079.0, 5625641.0]
avg_val=5724141.333333333

key=100000
values=[240342.0, 247951.0, 234053.0]
avg_val=240782.0

key=1000000
values=[12701.0, 10860.0, 11521.0]
avg_val=11694.0

key=5000000
values=[1615.0, 1820.0, 1657.0]
avg_val=1697.3333333333333

