key=10000
values=[3248036.0, 3237349.0, 3218094.0]
avg_val=3234493.0

key=100000
values=[2339430.0, 2398104.0, 2355981.0]
avg_val=2364505.0

key=1000000
values=[846864.0, 1095714.0, 947797.0]
avg_val=963458.3333333334

key=8000000
values=[502300.0, 458240.0, 484508.0]
avg_val=481682.6666666667

