key=10000
values=[8120165.0, 8094643.0, 8045391.0]
avg_val=8086733.0

key=100000
values=[5850128.0, 5994412.0, 5890210.0]
avg_val=5911583.333333333

key=1000000
values=[2116747.0, 2739942.0, 2369908.0]
avg_val=2408865.6666666665

key=8000000
values=[1255653.0, 1145311.0, 1210931.0]
avg_val=1203965.0

