key=10000
values=[2391886.0, 2346311.0, 2310020.0]
avg_val=2349405.6666666665

key=100000
values=[1494167.0, 1498120.0, 1514597.0]
avg_val=1502294.6666666667

key=1000000
values=[585109.0, 603860.0, 629322.0]
avg_val=606097.0

key=5000000
values=[343963.0, 347756.0, 315032.0]
avg_val=335583.6666666667

