key=10000
values=[1122729.0, 1089905.0, 1069352.0]
avg_val=1093995.3333333333

key=100000
values=[146285.0, 176983.0, 161821.0]
avg_val=161696.33333333334

key=1000000
values=[9606.0, 9538.0, 7862.0]
avg_val=9002.0

key=5000000
values=[1154.0, 1374.0, 1211.0]
avg_val=1246.3333333333333

