key=10000
values=[11347.0, 11028.0, 10777.0]
avg_val=11050.666666666666

key=100000
values=[1478.0, 1789.0, 1640.0]
avg_val=1635.6666666666667

key=1000000
values=[99.0, 97.0, 78.0]
avg_val=91.33333333333333

key=5000000
values=[11.0, 13.0, 13.0]
avg_val=12.333333333333334

