key=10000
values=[2835005.0, 2752858.0, 2700694.0]
avg_val=2762852.3333333335

key=100000
values=[369445.0, 447131.0, 408772.0]
avg_val=408449.3333333333

key=1000000
values=[24247.0, 24088.0, 19828.0]
avg_val=22721.0

key=5000000
values=[2910.0, 3470.0, 3058.0]
avg_val=3146.0

