key=10000
values=[1700928.0, 1651924.0, 1620564.0]
avg_val=1657805.3333333333

key=100000
values=[221681.0, 268357.0, 245310.0]
avg_val=245116.0

key=1000000
values=[14541.0, 14452.0, 11888.0]
avg_val=13627.0

key=5000000
values=[1744.0, 2082.0, 1834.0]
avg_val=1886.6666666666667

