key=10000
values=[1070419.0, 1060744.0, 1055538.0]
avg_val=1062233.6666666667

key=100000
values=[120896.0, 127039.0, 123132.0]
avg_val=123689.0

key=1000000
values=[8930.0, 9038.0, 8442.0]
avg_val=8803.333333333334

key=5000000
values=[1435.0, 1388.0, 1235.0]
avg_val=1352.6666666666667

