key=10000
values=[10792.0, 10706.0, 10657.0]
avg_val=10718.333333333334

key=100000
values=[1208.0, 1298.0, 1235.0]
avg_val=1247.0

key=1000000
values=[91.0, 90.0, 81.0]
avg_val=87.33333333333333

key=5000000
values=[13.0, 13.0, 12.0]
avg_val=12.666666666666666

