key=10000
values=[2702494.0, 2677721.0, 2664823.0]
avg_val=2681679.3333333335

key=100000
values=[305531.0, 320795.0, 310888.0]
avg_val=312404.6666666667

key=1000000
values=[22564.0, 22794.0, 21283.0]
avg_val=22213.666666666668

key=5000000
values=[3621.0, 3496.0, 3116.0]
avg_val=3411.0

