key=10000
values=[1621282.0, 1606270.0, 1598628.0]
avg_val=1608726.6666666667

key=100000
values=[183426.0, 192456.0, 186520.0]
avg_val=187467.33333333334

key=1000000
values=[13542.0, 13665.0, 12760.0]
avg_val=13322.333333333334

key=5000000
values=[2172.0, 2095.0, 1868.0]
avg_val=2045.0

