key=10000
values=[7438374.0, 7490768.0, 7470963.0]
avg_val=7466701.666666667

key=100000
values=[5119872.0, 5295476.0, 5061577.0]
avg_val=5158975.0

key=1000000
values=[1784536.0, 1846929.0, 1526686.0]
avg_val=1719383.6666666667

key=8000000
values=[920844.0, 878484.0, 992387.0]
avg_val=930571.6666666666

