key=10000
values=[7679006.0, 7678038.0, 7554499.0]
avg_val=7637181.0

key=100000
values=[4080701.0, 4063582.0, 4036794.0]
avg_val=4060359.0

key=1000000
values=[1297048.0, 1101339.0, 1238505.0]
avg_val=1212297.3333333333

key=8000000
values=[562020.0, 574467.0, 524222.0]
avg_val=553569.6666666666

