key=10000
values=[2424112.0, 2408517.0, 2417472.0]
avg_val=2416700.3333333335

key=100000
values=[2476289.0, 2472898.0, 2490529.0]
avg_val=2479905.3333333335

key=1000000
values=[2632162.0, 2640200.0, 3030473.0]
avg_val=2767611.6666666665

