key=10000
values=[6060948.0, 6021121.0, 6043425.0]
avg_val=6041831.333333333

key=100000
values=[6189827.0, 6182653.0, 6227402.0]
avg_val=6199960.666666667

key=1000000
values=[6580258.0, 6601825.0, 7574970.0]
avg_val=6919017.666666667

