key=10000
values=[3636835.0, 3612603.0, 3625953.0]
avg_val=3625130.3333333335

key=100000
values=[3713538.0, 3709755.0, 3736873.0]
avg_val=3720055.3333333335

key=1000000
values=[3948096.0, 3961625.0, 4544496.0]
avg_val=4151405.6666666665

