key=10000
values=[8937659.0, 8918135.0, 8886261.0]
avg_val=8914018.333333334

key=100000
values=[5523892.0, 5597307.0, 5584309.0]
avg_val=5568502.666666667

key=1000000
values=[3517086.0, 3514585.0, 3636986.0]
avg_val=3556219.0

key=8000000
values=[1192644.0, 1299521.0, 1182689.0]
avg_val=1224951.3333333333

