key=10000
values=[5362934.0, 5350457.0, 5331513.0]
avg_val=5348301.333333333

key=100000
values=[3314709.0, 3358126.0, 3350766.0]
avg_val=3341200.3333333335

key=1000000
values=[2110391.0, 2108656.0, 2182227.0]
avg_val=2133758.0

key=8000000
values=[715845.0, 779604.0, 709681.0]
avg_val=735043.3333333334

