key=10000
values=[2001729.0, 2005603.0, 1995226.0]
avg_val=2000852.6666666667

key=100000
values=[1208888.0, 1150121.0, 1129001.0]
avg_val=1162670.0

key=1000000
values=[416853.0, 422507.0, 423386.0]
avg_val=420915.3333333333

key=8000000
values=[267926.0, 267800.0, 273923.0]
avg_val=269883.0

