key=10000
values=[3001819.0, 3008653.0, 2992230.0]
avg_val=3000900.6666666665

key=100000
values=[1813838.0, 1724700.0, 1693335.0]
avg_val=1743957.6666666667

key=1000000
values=[625072.0, 633809.0, 635088.0]
avg_val=631323.0

key=8000000
values=[401731.0, 401320.0, 410813.0]
avg_val=404621.3333333333

