key=10000
values=[1091032.0, 1118129.0, 1083780.0]
avg_val=1097647.0

key=100000
values=[112105.0, 95036.0, 106591.0]
avg_val=104577.33333333333

key=1000000
values=[9122.0, 8398.0, 8254.0]
avg_val=8591.333333333334

key=5000000
values=[1146.0, 1146.0, 1397.0]
avg_val=1229.6666666666667

