key=10000
values=[11029.0, 11306.0, 10951.0]
avg_val=11095.333333333334

key=100000
values=[1139.0, 966.0, 1066.0]
avg_val=1057.0

key=1000000
values=[94.0, 86.0, 82.0]
avg_val=87.33333333333333

key=5000000
values=[10.0, 11.0, 13.0]
avg_val=11.333333333333334

