key=10000
values=[2754311.0, 2823206.0, 2737924.0]
avg_val=2771813.6666666665

key=100000
values=[283073.0, 239737.0, 269196.0]
avg_val=264002.0

key=1000000
values=[23081.0, 21222.0, 20889.0]
avg_val=21730.666666666668

key=5000000
values=[2904.0, 2916.0, 3493.0]
avg_val=3104.3333333333335

