key=10000
values=[1652249.0, 1693770.0, 1643193.0]
avg_val=1663070.6666666667

key=100000
values=[169829.0, 143734.0, 161538.0]
avg_val=158367.0

key=1000000
values=[13864.0, 12738.0, 12552.0]
avg_val=13051.333333333334

key=5000000
values=[1746.0, 1757.0, 2082.0]
avg_val=1861.6666666666667

