key=10000
values=[8559085.0, 8559644.0, 8525954.0]
avg_val=8548227.666666666

key=100000
values=[5653338.0, 5543521.0, 5655513.0]
avg_val=5617457.333333333

key=1000000
values=[1990095.0, 1875674.0, 1896443.0]
avg_val=1920737.3333333333

key=8000000
values=[960922.0, 1100123.0, 974913.0]
avg_val=1011986.0

