key=10000
values=[3826668.0, 3855044.0, 3923367.0]
avg_val=3868359.6666666665

key=100000
values=[230334.0, 352852.0, 274268.0]
avg_val=285818.0

key=1000000
values=[9887.0, 9094.0, 9607.0]
avg_val=9529.333333333334

key=5000000
values=[1207.0, 1357.0, 1084.0]
avg_val=1216.0

