key=10000
values=[38650.0, 38935.0, 39630.0]
avg_val=39071.666666666664

key=100000
values=[2310.0, 3577.0, 2765.0]
avg_val=2884.0

key=1000000
values=[103.0, 94.0, 94.0]
avg_val=97.0

key=5000000
values=[12.0, 12.0, 11.0]
avg_val=11.666666666666666

