key=10000
values=[3865319.0, 3893979.0, 3962998.0]
avg_val=3907432.0

key=100000
values=[232645.0, 356429.0, 277034.0]
avg_val=288702.6666666667

key=1000000
values=[9990.0, 9188.0, 9701.0]
avg_val=9626.333333333334

key=5000000
values=[1219.0, 1369.0, 1096.0]
avg_val=1228.0

