key=10000
values=[7700434.0, 7656979.0, 7747086.0]
avg_val=7701499.666666667

key=100000
values=[5194354.0, 4909667.0, 4937571.0]
avg_val=5013864.0

key=1000000
values=[1509577.0, 1433162.0, 1399603.0]
avg_val=1447447.3333333333

key=8000000
values=[855045.0, 894969.0, 966467.0]
avg_val=905493.6666666666

