key=10000
values=[1153981.0, 1155265.0, 1144532.0]
avg_val=1151259.3333333333

key=100000
values=[179065.0, 166456.0, 169082.0]
avg_val=171534.33333333334

key=1000000
values=[6057.0, 5434.0, 5785.0]
avg_val=5758.666666666667

key=5000000
values=[960.0, 794.0, 877.0]
avg_val=877.0

