key=10000
values=[11654.0, 11639.0, 11575.0]
avg_val=11622.666666666666

key=100000
values=[1814.0, 1690.0, 1704.0]
avg_val=1736.0

key=1000000
values=[59.0, 54.0, 58.0]
avg_val=57.0

key=5000000
values=[9.0, 8.0, 8.0]
avg_val=8.333333333333334

