key=10000
values=[2914370.0, 2915526.0, 2890715.0]
avg_val=2906870.3333333335

key=100000
values=[452348.0, 420495.0, 426947.0]
avg_val=433263.3333333333

key=1000000
values=[15331.0, 13774.0, 14619.0]
avg_val=14574.666666666666

key=5000000
values=[2426.0, 2004.0, 2218.0]
avg_val=2216.0

