key=10000
values=[1748734.0, 1748621.0, 1734607.0]
avg_val=1743987.3333333333

key=100000
values=[271467.0, 252348.0, 256160.0]
avg_val=259991.66666666666

key=1000000
values=[9214.0, 8285.0, 8775.0]
avg_val=8758.0

key=5000000
values=[1457.0, 1201.0, 1332.0]
avg_val=1330.0

