key=10000
values=[4620815.0, 4598279.0, 4604821.0]
avg_val=4607971.666666667

key=100000
values=[2654510.0, 2646290.0, 2694313.0]
avg_val=2665037.6666666665

key=1000000
values=[909521.0, 901966.0, 935904.0]
avg_val=915797.0

key=8000000
values=[470029.0, 444181.0, 475553.0]
avg_val=463254.3333333333

