key=10000
values=[2399712.0, 2405128.0, 2392618.0]
avg_val=2399152.6666666665

key=100000
values=[1276078.0, 1220135.0, 1217955.0]
avg_val=1238056.0

key=1000000
values=[435053.0, 432930.0, 423077.0]
avg_val=430353.3333333333

key=8000000
values=[309027.0, 310079.0, 298987.0]
avg_val=306031.0

