key=10000
values=[5999050.0, 6012860.0, 5980713.0]
avg_val=5997541.0

key=100000
values=[3190257.0, 3050072.0, 3045492.0]
avg_val=3095273.6666666665

key=1000000
values=[1087358.0, 1082555.0, 1057578.0]
avg_val=1075830.3333333333

key=8000000
values=[772504.0, 774816.0, 747011.0]
avg_val=764777.0

