key=10000
values=[3599338.0, 3607732.0, 3588095.0]
avg_val=3598388.3333333335

key=100000
values=[1914178.0, 1829936.0, 1827537.0]
avg_val=1857217.0

key=1000000
values=[652305.0, 649625.0, 634501.0]
avg_val=645477.0

key=8000000
values=[463477.0, 464737.0, 448023.0]
avg_val=458745.6666666667

