key=10000
values=[1046543.0, 1043557.0, 1024682.0]
avg_val=1038260.6666666666

key=100000
values=[135055.0, 137420.0, 106040.0]
avg_val=126171.66666666667

key=1000000
values=[7533.0, 7283.0, 7470.0]
avg_val=7428.666666666667

key=5000000
values=[931.0, 1157.0, 1000.0]
avg_val=1029.3333333333333

