key=10000
values=[10556.0, 10567.0, 10364.0]
avg_val=10495.666666666666

key=100000
values=[1365.0, 1354.0, 1067.0]
avg_val=1262.0

key=1000000
values=[76.0, 74.0, 74.0]
avg_val=74.66666666666667

key=5000000
values=[10.0, 11.0, 11.0]
avg_val=10.666666666666666

