key=10000
values=[1761745.0, 1756584.0, 1725276.0]
avg_val=1747868.3333333333

key=100000
values=[227486.0, 231337.0, 178458.0]
avg_val=212427.0

key=1000000
values=[12660.0, 12270.0, 12584.0]
avg_val=12504.666666666666

key=5000000
values=[1565.0, 1927.0, 1681.0]
avg_val=1724.3333333333333

