key=10000
values=[704645.0, 702459.0, 690229.0]
avg_val=699111.0

key=100000
values=[91064.0, 92562.0, 71351.0]
avg_val=84992.33333333333

key=1000000
values=[5051.0, 4911.0, 5039.0]
avg_val=5000.333333333333

key=5000000
values=[624.0, 758.0, 670.0]
avg_val=684.0

