key=10000
values=[5593645.0, 5572058.0, 5544443.0]
avg_val=5570048.666666667

key=100000
values=[274410.0, 247108.0, 244754.0]
avg_val=255424.0

key=1000000
values=[10608.0, 9774.0, 10950.0]
avg_val=10444.0

key=5000000
values=[1711.0, 1780.0, 1694.0]
avg_val=1728.3333333333333

