key=10000
values=[56545.0, 56237.0, 56042.0]
avg_val=56274.666666666664

key=100000
values=[2794.0, 2498.0, 2463.0]
avg_val=2585.0

key=1000000
values=[106.0, 100.0, 112.0]
avg_val=106.0

key=5000000
values=[17.0, 17.0, 16.0]
avg_val=16.666666666666668

