key=10000
values=[5650191.0, 5628296.0, 5600486.0]
avg_val=5626324.333333333

key=100000
values=[277205.0, 249606.0, 247218.0]
avg_val=258009.66666666666

key=1000000
values=[10715.0, 9875.0, 11063.0]
avg_val=10551.0

key=5000000
values=[1728.0, 1797.0, 1711.0]
avg_val=1745.3333333333333

