key=10000
values=[1134345.0, 1123270.0, 1128571.0]
avg_val=1128728.6666666667

key=100000
values=[830485.0, 858689.0, 896545.0]
avg_val=861906.3333333334

key=1000000
values=[367114.0, 369451.0, 396044.0]
avg_val=377536.3333333333

key=5000000
values=[252325.0, 271325.0, 276418.0]
avg_val=266689.3333333333

