key=10000
values=[1890886.0, 1871969.0, 1880842.0]
avg_val=1881232.3333333333

key=100000
values=[1384430.0, 1431110.0, 1494338.0]
avg_val=1436626.0

key=1000000
values=[611908.0, 615688.0, 660013.0]
avg_val=629203.0

key=5000000
values=[420412.0, 452361.0, 460824.0]
avg_val=444532.3333333333

