key=10000
values=[756541.0, 748698.0, 752270.0]
avg_val=752503.0

key=100000
values=[553945.0, 572420.0, 597793.0]
avg_val=574719.3333333334

key=1000000
values=[244794.0, 246236.0, 263969.0]
avg_val=251666.33333333334

key=5000000
values=[168086.0, 181036.0, 184406.0]
avg_val=177842.66666666666

