key=10000
values=[2956812.0, 2914564.0, 2942220.0]
avg_val=2937865.3333333335

key=100000
values=[1967610.0, 1956508.0, 1948033.0]
avg_val=1957383.6666666667

key=1000000
values=[1011619.0, 1025799.0, 1015083.0]
avg_val=1017500.3333333334

key=8000000
values=[358441.0, 385483.0, 401632.0]
avg_val=381852.0

