key=10000
values=[7390742.0, 7284993.0, 7355287.0]
avg_val=7343674.0

key=100000
values=[4918637.0, 4891879.0, 4870058.0]
avg_val=4893524.666666667

key=1000000
values=[2528894.0, 2563904.0, 2536927.0]
avg_val=2543241.6666666665

key=8000000
values=[896499.0, 963845.0, 1003930.0]
avg_val=954758.0

