key=10000
values=[4433930.0, 4370428.0, 4413066.0]
avg_val=4405808.0

key=100000
values=[2951026.0, 2935370.0, 2922024.0]
avg_val=2936140.0

key=1000000
values=[1517274.0, 1538104.0, 1521844.0]
avg_val=1525740.6666666667

key=8000000
values=[538057.0, 578361.0, 602298.0]
avg_val=572905.3333333334

