key=10000
values=[15858.0, 16139.0, 15476.0]
avg_val=15824.333333333334

key=100000
values=[1840.0, 1879.0, 1695.0]
avg_val=1804.6666666666667

key=1000000
values=[49.0, 62.0, 51.0]
avg_val=54.0

key=5000000
values=[8.0, 8.0, 8.0]
avg_val=8.0

