key=10000
values=[2636524.0, 2698087.0, 2572910.0]
avg_val=2635840.3333333335

key=100000
values=[304712.0, 311792.0, 280858.0]
avg_val=299120.6666666667

key=1000000
values=[8017.0, 9993.0, 8574.0]
avg_val=8861.333333333334

key=5000000
values=[1320.0, 1548.0, 1377.0]
avg_val=1415.0

