key=10000
values=[1054841.0, 1079327.0, 1029303.0]
avg_val=1054490.3333333333

key=100000
values=[121931.0, 124611.0, 112371.0]
avg_val=119637.66666666667

key=1000000
values=[3184.0, 3990.0, 3430.0]
avg_val=3534.6666666666665

key=5000000
values=[524.0, 622.0, 555.0]
avg_val=567.0

