key=10000
values=[931238.0, 947958.0, 925184.0]
avg_val=934793.3333333334

key=100000
values=[103745.0, 134100.0, 130112.0]
avg_val=122652.33333333333

key=1000000
values=[8282.0, 8267.0, 7899.0]
avg_val=8149.333333333333

key=5000000
values=[1037.0, 1374.0, 978.0]
avg_val=1129.6666666666667

