key=10000
values=[9393.0, 9569.0, 9341.0]
avg_val=9434.333333333334

key=100000
values=[1060.0, 1357.0, 1296.0]
avg_val=1237.6666666666667

key=1000000
values=[86.0, 84.0, 82.0]
avg_val=84.0

key=5000000
values=[11.0, 13.0, 10.0]
avg_val=11.333333333333334

