key=10000
values=[2351406.0, 2393167.0, 2336196.0]
avg_val=2360256.3333333335

key=100000
values=[261937.0, 338511.0, 328584.0]
avg_val=309677.3333333333

key=1000000
values=[20915.0, 20844.0, 19982.0]
avg_val=20580.333333333332

key=5000000
values=[2636.0, 3467.0, 2465.0]
avg_val=2856.0

