key=10000
values=[1410774.0, 1435639.0, 1401671.0]
avg_val=1416028.0

key=100000
values=[157131.0, 203054.0, 197175.0]
avg_val=185786.66666666666

key=1000000
values=[12546.0, 12492.0, 12000.0]
avg_val=12346.0

key=5000000
values=[1588.0, 2079.0, 1476.0]
avg_val=1714.3333333333333

