key=10000
values=[2299741.0, 2292329.0, 2316581.0]
avg_val=2302883.6666666665

key=100000
values=[1477256.0, 1468214.0, 1460019.0]
avg_val=1468496.3333333333

key=1000000
values=[557919.0, 612728.0, 634539.0]
avg_val=601728.6666666666

key=8000000
values=[285696.0, 256321.0, 304098.0]
avg_val=282038.3333333333

