key=10000
values=[5749200.0, 5731326.0, 5791220.0]
avg_val=5757248.666666667

key=100000
values=[3692836.0, 3670804.0, 3649640.0]
avg_val=3671093.3333333335

key=1000000
values=[1394398.0, 1531587.0, 1586485.0]
avg_val=1504156.6666666667

key=8000000
values=[714145.0, 641200.0, 760138.0]
avg_val=705161.0

