key=10000
values=[7283909.0, 7499593.0, 7444238.0]
avg_val=7409246.666666667

key=100000
values=[3943901.0, 3850891.0, 3791125.0]
avg_val=3861972.3333333335

key=1000000
values=[1270259.0, 1327423.0, 1176936.0]
avg_val=1258206.0

key=8000000
values=[625011.0, 559458.0, 596244.0]
avg_val=593571.0

