key=10000
values=[2076074.0, 2077397.0, 2086302.0]
avg_val=2079924.3333333333

key=100000
values=[1625853.0, 1431480.0, 1459633.0]
avg_val=1505655.3333333333

key=1000000
values=[578699.0, 603247.0, 564050.0]
avg_val=581998.6666666666

key=5000000
values=[279680.0, 323426.0, 298991.0]
avg_val=300699.0

