key=10000
values=[1383987.0, 1383958.0, 1390412.0]
avg_val=1386119.0

key=100000
values=[1084024.0, 953977.0, 972971.0]
avg_val=1003657.3333333334

key=1000000
values=[385720.0, 402192.0, 376312.0]
avg_val=388074.6666666667

key=5000000
values=[186587.0, 215725.0, 199619.0]
avg_val=200643.66666666666

