key=10000
values=[925384.0, 930763.0, 951859.0]
avg_val=936002.0

key=100000
values=[67084.0, 85246.0, 64540.0]
avg_val=72290.0

key=1000000
values=[6976.0, 7111.0, 7374.0]
avg_val=7153.666666666667

key=5000000
values=[1052.0, 1168.0, 959.0]
avg_val=1059.6666666666667

