key=10000
values=[9372.0, 9426.0, 9623.0]
avg_val=9473.666666666666

key=100000
values=[679.0, 850.0, 650.0]
avg_val=726.3333333333334

key=1000000
values=[69.0, 70.0, 73.0]
avg_val=70.66666666666667

key=5000000
values=[11.0, 11.0, 10.0]
avg_val=10.666666666666666

