key=10000
values=[2336767.0, 2350812.0, 2403753.0]
avg_val=2363777.3333333335

key=100000
values=[169242.0, 215158.0, 162958.0]
avg_val=182452.66666666666

key=1000000
values=[17610.0, 17938.0, 18628.0]
avg_val=18058.666666666668

key=5000000
values=[2646.0, 2947.0, 2429.0]
avg_val=2674.0

