key=10000
values=[1402010.0, 1410622.0, 1442270.0]
avg_val=1418300.6666666667

key=100000
values=[101479.0, 129061.0, 97767.0]
avg_val=109435.66666666667

key=1000000
values=[10563.0, 10756.0, 11179.0]
avg_val=10832.666666666666

key=5000000
values=[1582.0, 1767.0, 1459.0]
avg_val=1602.6666666666667

