key=10000
values=[1495329.0, 1502002.0, 1494054.0]
avg_val=1497128.3333333333

key=100000
values=[907876.0, 917222.0, 920704.0]
avg_val=915267.3333333334

key=1000000
values=[324640.0, 379698.0, 362820.0]
avg_val=355719.3333333333

key=5000000
values=[188609.0, 177121.0, 170489.0]
avg_val=178739.66666666666

