key=10000
values=[3737640.0, 3754972.0, 3735570.0]
avg_val=3742727.3333333335

key=100000
values=[2269531.0, 2293500.0, 2302490.0]
avg_val=2288507.0

key=1000000
values=[811757.0, 949054.0, 907236.0]
avg_val=889349.0

key=5000000
values=[471734.0, 443088.0, 426189.0]
avg_val=447003.6666666667

