key=10000
values=[2242310.0, 2252970.0, 2241515.0]
avg_val=2245598.3333333335

key=100000
values=[1361654.0, 1376277.0, 1381786.0]
avg_val=1373239.0

key=1000000
values=[487117.0, 569355.0, 544416.0]
avg_val=533629.3333333334

key=5000000
values=[283124.0, 265967.0, 255699.0]
avg_val=268263.3333333333

