key=10000
values=[2612478.0, 2620166.0, 2616034.0]
avg_val=2616226.0

key=100000
values=[1549409.0, 1555947.0, 1575306.0]
avg_val=1560220.6666666667

key=1000000
values=[632392.0, 612487.0, 593394.0]
avg_val=612757.6666666666

key=8000000
values=[318023.0, 295383.0, 308617.0]
avg_val=307341.0

