key=10000
values=[6532111.0, 6549263.0, 6541472.0]
avg_val=6540948.666666667

key=100000
values=[3874048.0, 3889767.0, 3937207.0]
avg_val=3900340.6666666665

key=1000000
values=[1581087.0, 1531247.0, 1483621.0]
avg_val=1531985.0

key=8000000
values=[794760.0, 738617.0, 771557.0]
avg_val=768311.3333333334

