key=10000
values=[3919632.0, 3929096.0, 3925437.0]
avg_val=3924721.6666666665

key=100000
values=[2324639.0, 2333819.0, 2361901.0]
avg_val=2340119.6666666665

key=1000000
values=[948695.0, 918759.0, 890227.0]
avg_val=919227.0

key=8000000
values=[476736.0, 443233.0, 462940.0]
avg_val=460969.6666666667

