key=10000
values=[1847591.0, 2029416.0, 1869718.0]
avg_val=1915575.0

key=100000
values=[1089585.0, 1048608.0, 1125805.0]
avg_val=1087999.3333333333

key=1000000
values=[458129.0, 406803.0, 459417.0]
avg_val=441449.6666666667

key=8000000
values=[233856.0, 241287.0, 267349.0]
avg_val=247497.33333333334

