key=10000
values=[4618715.0, 5073313.0, 4674371.0]
avg_val=4788799.666666667

key=100000
values=[2723791.0, 2620702.0, 2814681.0]
avg_val=2719724.6666666665

key=1000000
values=[1145267.0, 1016967.0, 1148343.0]
avg_val=1103525.6666666667

key=8000000
values=[584772.0, 602913.0, 668223.0]
avg_val=618636.0

