key=10000
values=[2771123.0, 3043897.0, 2804653.0]
avg_val=2873224.3333333335

key=100000
values=[1634206.0, 1572094.0, 1688875.0]
avg_val=1631725.0

key=1000000
values=[687138.0, 610163.0, 688926.0]
avg_val=662075.6666666666

key=8000000
values=[350915.0, 361625.0, 400874.0]
avg_val=371138.0

