key=10000
values=[1217658.0, 1218848.0, 1204672.0]
avg_val=1213726.0

key=100000
values=[779800.0, 902234.0, 959241.0]
avg_val=880425.0

key=1000000
values=[469308.0, 501985.0, 509442.0]
avg_val=493578.3333333333

key=5000000
values=[250472.0, 252274.0, 252199.0]
avg_val=251648.33333333334

