key=10000
values=[2029435.0, 2031325.0, 2008255.0]
avg_val=2023005.0

key=100000
values=[1299645.0, 1504067.0, 1599057.0]
avg_val=1467589.6666666667

key=1000000
values=[781954.0, 836705.0, 849250.0]
avg_val=822636.3333333334

key=5000000
values=[417443.0, 420555.0, 420470.0]
avg_val=419489.3333333333

