key=10000
values=[811776.0, 812476.0, 803582.0]
avg_val=809278.0

key=100000
values=[519845.0, 601833.0, 639815.0]
avg_val=587164.3333333334

key=1000000
values=[312646.0, 334720.0, 339807.0]
avg_val=329057.6666666667

key=5000000
values=[166971.0, 168281.0, 168271.0]
avg_val=167841.0

