key=10000
values=[2558521.0, 2539536.0, 2551795.0]
avg_val=2549950.6666666665

key=100000
values=[1361244.0, 1339646.0, 1317576.0]
avg_val=1339488.6666666667

key=1000000
values=[501219.0, 510775.0, 553870.0]
avg_val=521954.6666666667

key=8000000
values=[326647.0, 328497.0, 317052.0]
avg_val=324065.3333333333

