key=10000
values=[6396125.0, 6348344.0, 6379824.0]
avg_val=6374764.333333333

key=100000
values=[3402759.0, 3348791.0, 3295048.0]
avg_val=3348866.0

key=1000000
values=[1252904.0, 1276957.0, 1384729.0]
avg_val=1304863.3333333333

key=8000000
values=[816725.0, 820696.0, 792478.0]
avg_val=809966.3333333334

