key=10000
values=[3837604.0, 3808808.0, 3828028.0]
avg_val=3824813.3333333335

key=100000
values=[2041515.0, 2009144.0, 1977471.0]
avg_val=2009376.6666666667

key=1000000
values=[751685.0, 766182.0, 830859.0]
avg_val=782908.6666666666

key=8000000
values=[490077.0, 492199.0, 475426.0]
avg_val=485900.6666666667

