key=10000
values=[3828199.0, 3862137.0, 3842162.0]
avg_val=3844166.0

key=100000
values=[2584644.0, 2598317.0, 2575203.0]
avg_val=2586054.6666666665

key=1000000
values=[1127998.0, 1206691.0, 1113306.0]
avg_val=1149331.6666666667

key=8000000
values=[545780.0, 608440.0, 550649.0]
avg_val=568289.6666666666

