key=10000
values=[8755249.0, 8688321.0, 8672731.0]
avg_val=8705433.666666666

key=100000
values=[6116480.0, 6086350.0, 6052847.0]
avg_val=6085225.666666667

key=1000000
values=[2339269.0, 2302663.0, 2352785.0]
avg_val=2331572.3333333335

key=8000000
values=[1443212.0, 1353803.0, 1461933.0]
avg_val=1419649.3333333333

