key=10000
values=[5253146.0, 5213357.0, 5203860.0]
avg_val=5223454.333333333

key=100000
values=[3670449.0, 3651131.0, 3631493.0]
avg_val=3651024.3333333335

key=1000000
values=[1403905.0, 1381733.0, 1411473.0]
avg_val=1399037.0

key=8000000
values=[865928.0, 812397.0, 877095.0]
avg_val=851806.6666666666

