key=10000
values=[1692703.0, 1688735.0, 1680875.0]
avg_val=1687437.6666666667

key=100000
values=[977374.0, 968843.0, 958600.0]
avg_val=968272.3333333334

key=1000000
values=[356686.0, 319209.0, 373851.0]
avg_val=349915.3333333333

key=5000000
values=[217918.0, 225335.0, 212552.0]
avg_val=218601.66666666666

