key=10000
values=[2820815.0, 2814595.0, 2801075.0]
avg_val=2812161.6666666665

key=100000
values=[1628932.0, 1614798.0, 1597480.0]
avg_val=1613736.6666666667

key=1000000
values=[594550.0, 532204.0, 623110.0]
avg_val=583288.0

key=5000000
values=[363160.0, 375816.0, 354150.0]
avg_val=364375.3333333333

