key=10000
values=[1128111.0, 1125860.0, 1120199.0]
avg_val=1124723.3333333333

key=100000
values=[651558.0, 645954.0, 638880.0]
avg_val=645464.0

key=1000000
values=[237864.0, 212995.0, 249259.0]
avg_val=233372.66666666666

key=5000000
values=[145241.0, 150481.0, 141598.0]
avg_val=145773.33333333334

