key=10000
values=[3361892.0, 3375044.0, 3385869.0]
avg_val=3374268.3333333335

key=100000
values=[235687.0, 192858.0, 231224.0]
avg_val=219923.0

key=1000000
values=[6982.0, 7376.0, 7360.0]
avg_val=7239.333333333333

key=5000000
values=[1114.0, 1053.0, 1199.0]
avg_val=1122.0

