key=10000
values=[33928.0, 34095.0, 34165.0]
avg_val=34062.666666666664

key=100000
values=[2369.0, 1946.0, 2335.0]
avg_val=2216.6666666666665

key=1000000
values=[70.0, 76.0, 74.0]
avg_val=73.33333333333333

key=5000000
values=[11.0, 11.0, 11.0]
avg_val=11.0

