key=10000
values=[3395821.0, 3409140.0, 3420034.0]
avg_val=3408331.6666666665

key=100000
values=[238056.0, 194804.0, 233560.0]
avg_val=222140.0

key=1000000
values=[7053.0, 7452.0, 7434.0]
avg_val=7313.0

key=5000000
values=[1126.0, 1065.0, 1210.0]
avg_val=1133.6666666666667

