key=10000
values=[24777954.0, 25697346.0, 24391911.0]
avg_val=24955737.0

key=100000
values=[20756160.0, 20389446.0, 20494012.0]
avg_val=20546539.333333332

key=1000000
values=[8344012.0, 8185580.0, 8241006.0]
avg_val=8256866.0

key=8000000
values=[2937471.0, 2746712.0, 3104507.0]
avg_val=2929563.3333333335

