key=10000
values=[916422.0, 909086.0, 913967.0]
avg_val=913158.3333333334

key=100000
values=[775099.0, 653374.0, 624364.0]
avg_val=684279.0

key=1000000
values=[297395.0, 305154.0, 309397.0]
avg_val=303982.0

key=5000000
values=[183099.0, 178053.0, 170309.0]
avg_val=177153.66666666666

