key=10000
values=[2290432.0, 2272209.0, 2284177.0]
avg_val=2282272.6666666665

key=100000
values=[1937483.0, 1633018.0, 1561040.0]
avg_val=1710513.6666666667

key=1000000
values=[743547.0, 763190.0, 773848.0]
avg_val=760195.0

key=5000000
values=[457915.0, 444944.0, 426119.0]
avg_val=442992.6666666667

