key=10000
values=[9280606.0, 9049881.0, 9090647.0]
avg_val=9140378.0

key=100000
values=[5837395.0, 5787900.0, 5808723.0]
avg_val=5811339.333333333

key=1000000
values=[2091213.0, 2044257.0, 2383314.0]
avg_val=2172928.0

key=8000000
values=[1193275.0, 1159262.0, 1295846.0]
avg_val=1216127.6666666667

