key=10000
values=[1351573.0, 1345770.0, 1342339.0]
avg_val=1346560.6666666667

key=100000
values=[782598.0, 784554.0, 778956.0]
avg_val=782036.0

key=1000000
values=[270766.0, 268346.0, 289483.0]
avg_val=276198.3333333333

key=5000000
values=[173558.0, 174594.0, 164869.0]
avg_val=171007.0

