key=10000
values=[3378761.0, 3365030.0, 3356489.0]
avg_val=3366760.0

key=100000
values=[1956469.0, 1960895.0, 1946681.0]
avg_val=1954681.6666666667

key=1000000
values=[677191.0, 670742.0, 723404.0]
avg_val=690445.6666666666

key=5000000
values=[433985.0, 436286.0, 412438.0]
avg_val=427569.6666666667

