key=10000
values=[1386293.0, 1404184.0, 1391707.0]
avg_val=1394061.3333333333

key=100000
values=[770156.0, 757380.0, 734819.0]
avg_val=754118.3333333334

key=1000000
values=[230210.0, 282316.0, 290452.0]
avg_val=267659.3333333333

key=5000000
values=[167031.0, 189517.0, 190704.0]
avg_val=182417.33333333334

