key=10000
values=[3465595.0, 3509463.0, 3479664.0]
avg_val=3484907.3333333335

key=100000
values=[1925043.0, 1893274.0, 1836695.0]
avg_val=1885004.0

key=1000000
values=[575508.0, 705910.0, 726209.0]
avg_val=669209.0

key=5000000
values=[417807.0, 473929.0, 476784.0]
avg_val=456173.3333333333

