key=10000
values=[2079301.0, 2105279.0, 2087957.0]
avg_val=2090845.6666666667

key=100000
values=[1154887.0, 1135893.0, 1101876.0]
avg_val=1130885.3333333333

key=1000000
values=[345297.0, 423594.0, 435756.0]
avg_val=401549.0

key=5000000
values=[250776.0, 284412.0, 286079.0]
avg_val=273755.6666666667

