key=10000
values=[1410508.0, 1402340.0, 1405084.0]
avg_val=1405977.3333333333

key=100000
values=[140530.0, 148827.0, 243726.0]
avg_val=177694.33333333334

key=1000000
values=[12146.0, 11482.0, 11078.0]
avg_val=11568.666666666666

key=5000000
values=[1714.0, 1445.0, 1378.0]
avg_val=1512.3333333333333

