key=10000
values=[2374429.0, 2360981.0, 2365272.0]
avg_val=2366894.0

key=100000
values=[236640.0, 250558.0, 410148.0]
avg_val=299115.3333333333

key=1000000
values=[20482.0, 19290.0, 18612.0]
avg_val=19461.333333333332

key=5000000
values=[2880.0, 2432.0, 2320.0]
avg_val=2544.0

