key=10000
values=[949730.0, 944496.0, 946004.0]
avg_val=946743.3333333334

key=100000
values=[94696.0, 100216.0, 163970.0]
avg_val=119627.33333333333

key=1000000
values=[8213.0, 7691.0, 7422.0]
avg_val=7775.333333333333

key=5000000
values=[1148.0, 970.0, 926.0]
avg_val=1014.6666666666666

