key=10000
values=[1036546.0, 1045775.0, 1041837.0]
avg_val=1041386.0

key=100000
values=[89200.0, 96079.0, 109764.0]
avg_val=98347.66666666667

key=1000000
values=[11431.0, 11125.0, 11564.0]
avg_val=11373.333333333334

key=5000000
values=[1588.0, 1508.0, 1879.0]
avg_val=1658.3333333333333

