key=10000
values=[10483.0, 10542.0, 10536.0]
avg_val=10520.333333333334

key=100000
values=[905.0, 961.0, 1113.0]
avg_val=993.0

key=1000000
values=[111.0, 110.0, 115.0]
avg_val=112.0

key=5000000
values=[16.0, 14.0, 17.0]
avg_val=15.666666666666666

