key=10000
values=[1570519.0, 1585423.0, 1577859.0]
avg_val=1577933.6666666667

key=100000
values=[135302.0, 145586.0, 166419.0]
avg_val=149102.33333333334

key=1000000
values=[17188.0, 16875.0, 17465.0]
avg_val=17176.0

key=5000000
values=[2435.0, 2267.0, 2825.0]
avg_val=2509.0

