key=10000
values=[1546685.0, 1553602.0, 1543096.0]
avg_val=1547794.3333333333

key=100000
values=[1087618.0, 1134596.0, 1200523.0]
avg_val=1140912.3333333333

key=1000000
values=[437315.0, 429186.0, 396294.0]
avg_val=420931.6666666667

key=8000000
values=[261429.0, 266866.0, 246954.0]
avg_val=258416.33333333334

