key=10000
values=[2319640.0, 2329226.0, 2314096.0]
avg_val=2320987.3333333335

key=100000
values=[1630852.0, 1701551.0, 1800892.0]
avg_val=1711098.3333333333

key=1000000
values=[655964.0, 644119.0, 594406.0]
avg_val=631496.3333333334

key=8000000
values=[392450.0, 400326.0, 370791.0]
avg_val=387855.6666666667

