key=10000
values=[1648426.0, 1631883.0, 1622039.0]
avg_val=1634116.0

key=100000
values=[917200.0, 924034.0, 908378.0]
avg_val=916537.3333333334

key=1000000
values=[314132.0, 312267.0, 347883.0]
avg_val=324760.6666666667

key=8000000
values=[181588.0, 181176.0, 181342.0]
avg_val=181368.66666666666

