key=10000
values=[2472609.0, 2448558.0, 2432717.0]
avg_val=2451294.6666666665

key=100000
values=[1375947.0, 1386174.0, 1362903.0]
avg_val=1375008.0

key=1000000
values=[471473.0, 468070.0, 521895.0]
avg_val=487146.0

key=8000000
values=[272518.0, 271769.0, 272089.0]
avg_val=272125.3333333333

