key=10000
values=[1459487.0, 1466860.0, 1460645.0]
avg_val=1462330.6666666667

key=100000
values=[803055.0, 777256.0, 766485.0]
avg_val=782265.3333333334

key=1000000
values=[386194.0, 353996.0, 375892.0]
avg_val=372027.3333333333

key=5000000
values=[232890.0, 196573.0, 215521.0]
avg_val=214994.66666666666

