key=10000
values=[3649195.0, 3666286.0, 3651540.0]
avg_val=3655673.6666666665

key=100000
values=[2006985.0, 1943298.0, 1916551.0]
avg_val=1955611.3333333333

key=1000000
values=[965629.0, 885397.0, 939839.0]
avg_val=930288.3333333334

key=5000000
values=[582044.0, 491384.0, 538673.0]
avg_val=537367.0

